Future.ID,Strategy.ID,Strategy,Fuel,Technology,Emission,Season,Year,SpecifiedAnnualDemand,CapacityFactor,OperationalLife,ResidualCapacity,InputActivityRatio,OutputActivityRatio,EmissionActivityRatio,CapitalCost,VariableCost,FixedCost,TotalAnnualMaxCapacity,TotalAnnualMinCapacity,TotalAnnualMaxCapacityInvestment,TotalAnnualMinCapacityInvestment,TotalTechnologyAnnualActivityUpperLimit,TotalTechnologyAnnualActivityLowerLimit,DistanceDriven,UnitCapitalCost (USD),UnitFixedCost (USD),BiofuelShares,FilterFuelType,FilterVehicleType
207,1,DDP,E5_TSWTSW,,,,2018,5.3436,,,,,,,,,,,,,,,,,,,,,
207,1,DDP,E5_TSWTSW,,,,2019,5.2944,,,,,,,,,,,,,,,,,,,,,
207,1,DDP,E5_TSWTSW,,,,2020,5.3048,,,,,,,,,,,,,,,,,,,,,
207,1,DDP,E5_TSWTSW,,,,2021,5.0538,,,,,,,,,,,,,,,,,,,,,
207,1,DDP,E5_TSWTSW,,,,2022,5.3778,,,,,,,,,,,,,,,,,,,,,
207,1,DDP,E5_TSWTSW,,,,2023,5.708,,,,,,,,,,,,,,,,,,,,,
207,1,DDP,E5_TSWTSW,,,,2024,5.5237,,,,,,,,,,,,,,,,,,,,,
207,1,DDP,E5_TSWTSW,,,,2025,5.5465,,,,,,,,,,,,,,,,,,,,,
207,1,DDP,E5_TSWTSW,,,,2026,5.5693,,,,,,,,,,,,,,,,,,,,,
207,1,DDP,E5_TSWTSW,,,,2027,5.592,,,,,,,,,,,,,,,,,,,,,
207,1,DDP,E5_TSWTSW,,,,2028,5.6148,,,,,,,,,,,,,,,,,,,,,
207,1,DDP,E5_TSWTSW,,,,2029,5.6375,,,,,,,,,,,,,,,,,,,,,
207,1,DDP,E5_TSWTSW,,,,2030,5.6603,,,,,,,,,,,,,,,,,,,,,
207,1,DDP,E5_TSWTSW,,,,2031,5.6831,,,,,,,,,,,,,,,,,,,,,
207,1,DDP,E5_TSWTSW,,,,2032,5.7058,,,,,,,,,,,,,,,,,,,,,
207,1,DDP,E5_TSWTSW,,,,2033,5.7286,,,,,,,,,,,,,,,,,,,,,
207,1,DDP,E5_TSWTSW,,,,2034,5.7513,,,,,,,,,,,,,,,,,,,,,
207,1,DDP,E5_TSWTSW,,,,2035,5.7741,,,,,,,,,,,,,,,,,,,,,
207,1,DDP,E5_TSWTSW,,,,2036,5.7969,,,,,,,,,,,,,,,,,,,,,
207,1,DDP,E5_TSWTSW,,,,2037,5.8196,,,,,,,,,,,,,,,,,,,,,
207,1,DDP,E5_TSWTSW,,,,2038,5.8424,,,,,,,,,,,,,,,,,,,,,
207,1,DDP,E5_TSWTSW,,,,2039,5.8651,,,,,,,,,,,,,,,,,,,,,
207,1,DDP,E5_TSWTSW,,,,2040,5.8879,,,,,,,,,,,,,,,,,,,,,
207,1,DDP,E5_TSWTSW,,,,2041,5.9107,,,,,,,,,,,,,,,,,,,,,
207,1,DDP,E5_TSWTSW,,,,2042,5.9334,,,,,,,,,,,,,,,,,,,,,
207,1,DDP,E5_TSWTSW,,,,2043,5.9562,,,,,,,,,,,,,,,,,,,,,
207,1,DDP,E5_TSWTSW,,,,2044,5.9789,,,,,,,,,,,,,,,,,,,,,
207,1,DDP,E5_TSWTSW,,,,2045,6.0017,,,,,,,,,,,,,,,,,,,,,
207,1,DDP,E5_TSWTSW,,,,2046,6.0245,,,,,,,,,,,,,,,,,,,,,
207,1,DDP,E5_TSWTSW,,,,2047,6.0472,,,,,,,,,,,,,,,,,,,,,
207,1,DDP,E5_TSWTSW,,,,2048,6.07,,,,,,,,,,,,,,,,,,,,,
207,1,DDP,E5_TSWTSW,,,,2049,6.0927,,,,,,,,,,,,,,,,,,,,,
207,1,DDP,E5_TSWTSW,,,,2050,6.1155,,,,,,,,,,,,,,,,,,,,,
207,1,DDP,E5_TSWTSW,,,,2051,6.1383,,,,,,,,,,,,,,,,,,,,,
207,1,DDP,E5_TSWTSW,,,,2052,6.161,,,,,,,,,,,,,,,,,,,,,
207,1,DDP,E5_TSWTSW,,,,2053,6.1838,,,,,,,,,,,,,,,,,,,,,
207,1,DDP,E5_TSWTSW,,,,2054,6.2065,,,,,,,,,,,,,,,,,,,,,
207,1,DDP,E5_TSWTSW,,,,2055,6.2293,,,,,,,,,,,,,,,,,,,,,
207,1,DDP,E5_TSWTSW,,,,2056,6.2521,,,,,,,,,,,,,,,,,,,,,
207,1,DDP,E5_TSWTSW,,,,2057,6.2748,,,,,,,,,,,,,,,,,,,,,
207,1,DDP,E5_TSWTSW,,,,2058,6.2976,,,,,,,,,,,,,,,,,,,,,
207,1,DDP,E5_TSWTSW,,,,2059,6.3203,,,,,,,,,,,,,,,,,,,,,
207,1,DDP,E5_TSWTSW,,,,2060,6.3431,,,,,,,,,,,,,,,,,,,,,
207,1,DDP,E5_TSWTSW,,,,2061,6.3659,,,,,,,,,,,,,,,,,,,,,
207,1,DDP,E5_TSWTSW,,,,2062,6.3886,,,,,,,,,,,,,,,,,,,,,
207,1,DDP,E5_TSWTSW,,,,2063,6.4114,,,,,,,,,,,,,,,,,,,,,
207,1,DDP,E5_TSWTSW,,,,2064,6.4341,,,,,,,,,,,,,,,,,,,,,
207,1,DDP,E5_TSWTSW,,,,2065,6.4569,,,,,,,,,,,,,,,,,,,,,
207,1,DDP,E5_TSWTSW,,,,2066,6.4797,,,,,,,,,,,,,,,,,,,,,
207,1,DDP,E5_TSWTSW,,,,2067,6.5024,,,,,,,,,,,,,,,,,,,,,
207,1,DDP,E5_TSWTSW,,,,2068,6.5252,,,,,,,,,,,,,,,,,,,,,
207,1,DDP,E5_TSWTSW,,,,2069,6.548,,,,,,,,,,,,,,,,,,,,,
207,1,DDP,E5_TSWTSW,,,,2070,6.5707,,,,,,,,,,,,,,,,,,,,,
207,1,DDP,E5_TWWTWW,,,,2018,4.0448,,,,,,,,,,,,,,,,,,,,,
207,1,DDP,E5_TWWTWW,,,,2019,4.0076,,,,,,,,,,,,,,,,,,,,,
207,1,DDP,E5_TWWTWW,,,,2020,4.0576,,,,,,,,,,,,,,,,,,,,,
207,1,DDP,E5_TWWTWW,,,,2021,4.1197,,,,,,,,,,,,,,,,,,,,,
207,1,DDP,E5_TWWTWW,,,,2022,4.463,,,,,,,,,,,,,,,,,,,,,
207,1,DDP,E5_TWWTWW,,,,2023,4.8135,,,,,,,,,,,,,,,,,,,,,
207,1,DDP,E5_TWWTWW,,,,2024,5.2428,,,,,,,,,,,,,,,,,,,,,
207,1,DDP,E5_TWWTWW,,,,2025,5.3959,,,,,,,,,,,,,,,,,,,,,
207,1,DDP,E5_TWWTWW,,,,2026,5.5491,,,,,,,,,,,,,,,,,,,,,
207,1,DDP,E5_TWWTWW,,,,2027,5.7023,,,,,,,,,,,,,,,,,,,,,
207,1,DDP,E5_TWWTWW,,,,2028,5.8554,,,,,,,,,,,,,,,,,,,,,
207,1,DDP,E5_TWWTWW,,,,2029,6.0086,,,,,,,,,,,,,,,,,,,,,
207,1,DDP,E5_TWWTWW,,,,2030,6.1618,,,,,,,,,,,,,,,,,,,,,
207,1,DDP,E5_TWWTWW,,,,2031,6.315,,,,,,,,,,,,,,,,,,,,,
207,1,DDP,E5_TWWTWW,,,,2032,6.4681,,,,,,,,,,,,,,,,,,,,,
207,1,DDP,E5_TWWTWW,,,,2033,6.6213,,,,,,,,,,,,,,,,,,,,,
207,1,DDP,E5_TWWTWW,,,,2034,6.7745,,,,,,,,,,,,,,,,,,,,,
207,1,DDP,E5_TWWTWW,,,,2035,6.9276,,,,,,,,,,,,,,,,,,,,,
207,1,DDP,E5_TWWTWW,,,,2036,7.0808,,,,,,,,,,,,,,,,,,,,,
207,1,DDP,E5_TWWTWW,,,,2037,7.234,,,,,,,,,,,,,,,,,,,,,
207,1,DDP,E5_TWWTWW,,,,2038,7.3871,,,,,,,,,,,,,,,,,,,,,
207,1,DDP,E5_TWWTWW,,,,2039,7.5403,,,,,,,,,,,,,,,,,,,,,
207,1,DDP,E5_TWWTWW,,,,2040,7.6935,,,,,,,,,,,,,,,,,,,,,
207,1,DDP,E5_TWWTWW,,,,2041,7.8467,,,,,,,,,,,,,,,,,,,,,
207,1,DDP,E5_TWWTWW,,,,2042,7.9998,,,,,,,,,,,,,,,,,,,,,
207,1,DDP,E5_TWWTWW,,,,2043,8.153,,,,,,,,,,,,,,,,,,,,,
207,1,DDP,E5_TWWTWW,,,,2044,8.3062,,,,,,,,,,,,,,,,,,,,,
207,1,DDP,E5_TWWTWW,,,,2045,8.4593,,,,,,,,,,,,,,,,,,,,,
207,1,DDP,E5_TWWTWW,,,,2046,8.6125,,,,,,,,,,,,,,,,,,,,,
207,1,DDP,E5_TWWTWW,,,,2047,8.7657,,,,,,,,,,,,,,,,,,,,,
207,1,DDP,E5_TWWTWW,,,,2048,8.9189,,,,,,,,,,,,,,,,,,,,,
207,1,DDP,E5_TWWTWW,,,,2049,9.072,,,,,,,,,,,,,,,,,,,,,
207,1,DDP,E5_TWWTWW,,,,2050,9.2252,,,,,,,,,,,,,,,,,,,,,
207,1,DDP,E5_TWWTWW,,,,2051,9.3784,,,,,,,,,,,,,,,,,,,,,
207,1,DDP,E5_TWWTWW,,,,2052,9.5315,,,,,,,,,,,,,,,,,,,,,
207,1,DDP,E5_TWWTWW,,,,2053,9.6847,,,,,,,,,,,,,,,,,,,,,
207,1,DDP,E5_TWWTWW,,,,2054,9.8379,,,,,,,,,,,,,,,,,,,,,
207,1,DDP,E5_TWWTWW,,,,2055,9.991,,,,,,,,,,,,,,,,,,,,,
207,1,DDP,E5_TWWTWW,,,,2056,10.1442,,,,,,,,,,,,,,,,,,,,,
207,1,DDP,E5_TWWTWW,,,,2057,10.2974,,,,,,,,,,,,,,,,,,,,,
207,1,DDP,E5_TWWTWW,,,,2058,10.4506,,,,,,,,,,,,,,,,,,,,,
207,1,DDP,E5_TWWTWW,,,,2059,10.6037,,,,,,,,,,,,,,,,,,,,,
207,1,DDP,E5_TWWTWW,,,,2060,10.7569,,,,,,,,,,,,,,,,,,,,,
207,1,DDP,E5_TWWTWW,,,,2061,10.9101,,,,,,,,,,,,,,,,,,,,,
207,1,DDP,E5_TWWTWW,,,,2062,11.0632,,,,,,,,,,,,,,,,,,,,,
207,1,DDP,E5_TWWTWW,,,,2063,11.2164,,,,,,,,,,,,,,,,,,,,,
207,1,DDP,E5_TWWTWW,,,,2064,11.3696,,,,,,,,,,,,,,,,,,,,,
207,1,DDP,E5_TWWTWW,,,,2065,11.5227,,,,,,,,,,,,,,,,,,,,,
207,1,DDP,E5_TWWTWW,,,,2066,11.6759,,,,,,,,,,,,,,,,,,,,,
207,1,DDP,E5_TWWTWW,,,,2067,11.8291,,,,,,,,,,,,,,,,,,,,,
207,1,DDP,E5_TWWTWW,,,,2068,11.9823,,,,,,,,,,,,,,,,,,,,,
207,1,DDP,E5_TWWTWW,,,,2069,12.1354,,,,,,,,,,,,,,,,,,,,,
207,1,DDP,E5_TWWTWW,,,,2070,12.2886,,,,,,,,,,,,,,,,,,,,,
207,1,DDP,,INORG_RCY_OS,,All,2018,,1.0,,,,,,,,,,,,,,,,,,,,
207,1,DDP,,INORG_RCY_OS,,All,2019,,1.0,,,,,,,,,,,,,,,,,,,,
207,1,DDP,,INORG_RCY_OS,,All,2020,,1.0,,,,,,,,,,,,,,,,,,,,
207,1,DDP,,INORG_RCY_OS,,All,2021,,1.0,,,,,,,,,,,,,,,,,,,,
207,1,DDP,,INORG_RCY_OS,,All,2022,,1.0,,,,,,,,,,,,,,,,,,,,
207,1,DDP,,INORG_RCY_OS,,All,2023,,1.0,,,,,,,,,,,,,,,,,,,,
207,1,DDP,,INORG_RCY_OS,,All,2024,,1.0,,,,,,,,,,,,,,,,,,,,
207,1,DDP,,INORG_RCY_OS,,All,2025,,1.0,,,,,,,,,,,,,,,,,,,,
207,1,DDP,,INORG_RCY_OS,,All,2026,,1.0,,,,,,,,,,,,,,,,,,,,
207,1,DDP,,INORG_RCY_OS,,All,2027,,1.0,,,,,,,,,,,,,,,,,,,,
207,1,DDP,,INORG_RCY_OS,,All,2028,,1.0,,,,,,,,,,,,,,,,,,,,
207,1,DDP,,INORG_RCY_OS,,All,2029,,1.0,,,,,,,,,,,,,,,,,,,,
207,1,DDP,,INORG_RCY_OS,,All,2030,,1.0,,,,,,,,,,,,,,,,,,,,
207,1,DDP,,INORG_RCY_OS,,All,2031,,1.0,,,,,,,,,,,,,,,,,,,,
207,1,DDP,,INORG_RCY_OS,,All,2032,,1.0,,,,,,,,,,,,,,,,,,,,
207,1,DDP,,INORG_RCY_OS,,All,2033,,1.0,,,,,,,,,,,,,,,,,,,,
207,1,DDP,,INORG_RCY_OS,,All,2034,,1.0,,,,,,,,,,,,,,,,,,,,
207,1,DDP,,INORG_RCY_OS,,All,2035,,1.0,,,,,,,,,,,,,,,,,,,,
207,1,DDP,,INORG_RCY_OS,,All,2036,,1.0,,,,,,,,,,,,,,,,,,,,
207,1,DDP,,INORG_RCY_OS,,All,2037,,1.0,,,,,,,,,,,,,,,,,,,,
207,1,DDP,,INORG_RCY_OS,,All,2038,,1.0,,,,,,,,,,,,,,,,,,,,
207,1,DDP,,INORG_RCY_OS,,All,2039,,1.0,,,,,,,,,,,,,,,,,,,,
207,1,DDP,,INORG_RCY_OS,,All,2040,,1.0,,,,,,,,,,,,,,,,,,,,
207,1,DDP,,INORG_RCY_OS,,All,2041,,1.0,,,,,,,,,,,,,,,,,,,,
207,1,DDP,,INORG_RCY_OS,,All,2042,,1.0,,,,,,,,,,,,,,,,,,,,
207,1,DDP,,INORG_RCY_OS,,All,2043,,1.0,,,,,,,,,,,,,,,,,,,,
207,1,DDP,,INORG_RCY_OS,,All,2044,,1.0,,,,,,,,,,,,,,,,,,,,
207,1,DDP,,INORG_RCY_OS,,All,2045,,1.0,,,,,,,,,,,,,,,,,,,,
207,1,DDP,,INORG_RCY_OS,,All,2046,,1.0,,,,,,,,,,,,,,,,,,,,
207,1,DDP,,INORG_RCY_OS,,All,2047,,1.0,,,,,,,,,,,,,,,,,,,,
207,1,DDP,,INORG_RCY_OS,,All,2048,,1.0,,,,,,,,,,,,,,,,,,,,
207,1,DDP,,INORG_RCY_OS,,All,2049,,1.0,,,,,,,,,,,,,,,,,,,,
207,1,DDP,,INORG_RCY_OS,,All,2050,,1.0,,,,,,,,,,,,,,,,,,,,
207,1,DDP,,INORG_RCY_OS,,All,2051,,1.0,,,,,,,,,,,,,,,,,,,,
207,1,DDP,,INORG_RCY_OS,,All,2052,,1.0,,,,,,,,,,,,,,,,,,,,
207,1,DDP,,INORG_RCY_OS,,All,2053,,1.0,,,,,,,,,,,,,,,,,,,,
207,1,DDP,,INORG_RCY_OS,,All,2054,,1.0,,,,,,,,,,,,,,,,,,,,
207,1,DDP,,INORG_RCY_OS,,All,2055,,1.0,,,,,,,,,,,,,,,,,,,,
207,1,DDP,,INORG_RCY_OS,,All,2056,,1.0,,,,,,,,,,,,,,,,,,,,
207,1,DDP,,INORG_RCY_OS,,All,2057,,1.0,,,,,,,,,,,,,,,,,,,,
207,1,DDP,,INORG_RCY_OS,,All,2058,,1.0,,,,,,,,,,,,,,,,,,,,
207,1,DDP,,INORG_RCY_OS,,All,2059,,1.0,,,,,,,,,,,,,,,,,,,,
207,1,DDP,,INORG_RCY_OS,,All,2060,,1.0,,,,,,,,,,,,,,,,,,,,
207,1,DDP,,INORG_RCY_OS,,All,2061,,1.0,,,,,,,,,,,,,,,,,,,,
207,1,DDP,,INORG_RCY_OS,,All,2062,,1.0,,,,,,,,,,,,,,,,,,,,
207,1,DDP,,INORG_RCY_OS,,All,2063,,1.0,,,,,,,,,,,,,,,,,,,,
207,1,DDP,,INORG_RCY_OS,,All,2064,,1.0,,,,,,,,,,,,,,,,,,,,
207,1,DDP,,INORG_RCY_OS,,All,2065,,1.0,,,,,,,,,,,,,,,,,,,,
207,1,DDP,,INORG_RCY_OS,,All,2066,,1.0,,,,,,,,,,,,,,,,,,,,
207,1,DDP,,INORG_RCY_OS,,All,2067,,1.0,,,,,,,,,,,,,,,,,,,,
207,1,DDP,,INORG_RCY_OS,,All,2068,,1.0,,,,,,,,,,,,,,,,,,,,
207,1,DDP,,INORG_RCY_OS,,All,2069,,1.0,,,,,,,,,,,,,,,,,,,,
207,1,DDP,,INORG_RCY_OS,,All,2070,,1.0,,,,,,,,,,,,,,,,,,,,
207,1,DDP,,AD,,All,2018,,1.0,,,,,,,,,,,,,,,,,,,,
207,1,DDP,,AD,,All,2019,,1.0,,,,,,,,,,,,,,,,,,,,
207,1,DDP,,AD,,All,2020,,1.0,,,,,,,,,,,,,,,,,,,,
207,1,DDP,,AD,,All,2021,,1.0,,,,,,,,,,,,,,,,,,,,
207,1,DDP,,AD,,All,2022,,1.0,,,,,,,,,,,,,,,,,,,,
207,1,DDP,,AD,,All,2023,,1.0,,,,,,,,,,,,,,,,,,,,
207,1,DDP,,AD,,All,2024,,1.0,,,,,,,,,,,,,,,,,,,,
207,1,DDP,,AD,,All,2025,,1.0,,,,,,,,,,,,,,,,,,,,
207,1,DDP,,AD,,All,2026,,1.0,,,,,,,,,,,,,,,,,,,,
207,1,DDP,,AD,,All,2027,,1.0,,,,,,,,,,,,,,,,,,,,
207,1,DDP,,AD,,All,2028,,1.0,,,,,,,,,,,,,,,,,,,,
207,1,DDP,,AD,,All,2029,,1.0,,,,,,,,,,,,,,,,,,,,
207,1,DDP,,AD,,All,2030,,1.0,,,,,,,,,,,,,,,,,,,,
207,1,DDP,,AD,,All,2031,,1.0,,,,,,,,,,,,,,,,,,,,
207,1,DDP,,AD,,All,2032,,1.0,,,,,,,,,,,,,,,,,,,,
207,1,DDP,,AD,,All,2033,,1.0,,,,,,,,,,,,,,,,,,,,
207,1,DDP,,AD,,All,2034,,1.0,,,,,,,,,,,,,,,,,,,,
207,1,DDP,,AD,,All,2035,,1.0,,,,,,,,,,,,,,,,,,,,
207,1,DDP,,AD,,All,2036,,1.0,,,,,,,,,,,,,,,,,,,,
207,1,DDP,,AD,,All,2037,,1.0,,,,,,,,,,,,,,,,,,,,
207,1,DDP,,AD,,All,2038,,1.0,,,,,,,,,,,,,,,,,,,,
207,1,DDP,,AD,,All,2039,,1.0,,,,,,,,,,,,,,,,,,,,
207,1,DDP,,AD,,All,2040,,1.0,,,,,,,,,,,,,,,,,,,,
207,1,DDP,,AD,,All,2041,,1.0,,,,,,,,,,,,,,,,,,,,
207,1,DDP,,AD,,All,2042,,1.0,,,,,,,,,,,,,,,,,,,,
207,1,DDP,,AD,,All,2043,,1.0,,,,,,,,,,,,,,,,,,,,
207,1,DDP,,AD,,All,2044,,1.0,,,,,,,,,,,,,,,,,,,,
207,1,DDP,,AD,,All,2045,,1.0,,,,,,,,,,,,,,,,,,,,
207,1,DDP,,AD,,All,2046,,1.0,,,,,,,,,,,,,,,,,,,,
207,1,DDP,,AD,,All,2047,,1.0,,,,,,,,,,,,,,,,,,,,
207,1,DDP,,AD,,All,2048,,1.0,,,,,,,,,,,,,,,,,,,,
207,1,DDP,,AD,,All,2049,,1.0,,,,,,,,,,,,,,,,,,,,
207,1,DDP,,AD,,All,2050,,1.0,,,,,,,,,,,,,,,,,,,,
207,1,DDP,,AD,,All,2051,,1.0,,,,,,,,,,,,,,,,,,,,
207,1,DDP,,AD,,All,2052,,1.0,,,,,,,,,,,,,,,,,,,,
207,1,DDP,,AD,,All,2053,,1.0,,,,,,,,,,,,,,,,,,,,
207,1,DDP,,AD,,All,2054,,1.0,,,,,,,,,,,,,,,,,,,,
207,1,DDP,,AD,,All,2055,,1.0,,,,,,,,,,,,,,,,,,,,
207,1,DDP,,AD,,All,2056,,1.0,,,,,,,,,,,,,,,,,,,,
207,1,DDP,,AD,,All,2057,,1.0,,,,,,,,,,,,,,,,,,,,
207,1,DDP,,AD,,All,2058,,1.0,,,,,,,,,,,,,,,,,,,,
207,1,DDP,,AD,,All,2059,,1.0,,,,,,,,,,,,,,,,,,,,
207,1,DDP,,AD,,All,2060,,1.0,,,,,,,,,,,,,,,,,,,,
207,1,DDP,,AD,,All,2061,,1.0,,,,,,,,,,,,,,,,,,,,
207,1,DDP,,AD,,All,2062,,1.0,,,,,,,,,,,,,,,,,,,,
207,1,DDP,,AD,,All,2063,,1.0,,,,,,,,,,,,,,,,,,,,
207,1,DDP,,AD,,All,2064,,1.0,,,,,,,,,,,,,,,,,,,,
207,1,DDP,,AD,,All,2065,,1.0,,,,,,,,,,,,,,,,,,,,
207,1,DDP,,AD,,All,2066,,1.0,,,,,,,,,,,,,,,,,,,,
207,1,DDP,,AD,,All,2067,,1.0,,,,,,,,,,,,,,,,,,,,
207,1,DDP,,AD,,All,2068,,1.0,,,,,,,,,,,,,,,,,,,,
207,1,DDP,,AD,,All,2069,,1.0,,,,,,,,,,,,,,,,,,,,
207,1,DDP,,AD,,All,2070,,1.0,,,,,,,,,,,,,,,,,,,,
207,1,DDP,,COMPOST,,All,2018,,1.0,,,,,,,,,,,,,,,,,,,,
207,1,DDP,,COMPOST,,All,2019,,1.0,,,,,,,,,,,,,,,,,,,,
207,1,DDP,,COMPOST,,All,2020,,1.0,,,,,,,,,,,,,,,,,,,,
207,1,DDP,,COMPOST,,All,2021,,1.0,,,,,,,,,,,,,,,,,,,,
207,1,DDP,,COMPOST,,All,2022,,1.0,,,,,,,,,,,,,,,,,,,,
207,1,DDP,,COMPOST,,All,2023,,1.0,,,,,,,,,,,,,,,,,,,,
207,1,DDP,,COMPOST,,All,2024,,1.0,,,,,,,,,,,,,,,,,,,,
207,1,DDP,,COMPOST,,All,2025,,1.0,,,,,,,,,,,,,,,,,,,,
207,1,DDP,,COMPOST,,All,2026,,1.0,,,,,,,,,,,,,,,,,,,,
207,1,DDP,,COMPOST,,All,2027,,1.0,,,,,,,,,,,,,,,,,,,,
207,1,DDP,,COMPOST,,All,2028,,1.0,,,,,,,,,,,,,,,,,,,,
207,1,DDP,,COMPOST,,All,2029,,1.0,,,,,,,,,,,,,,,,,,,,
207,1,DDP,,COMPOST,,All,2030,,1.0,,,,,,,,,,,,,,,,,,,,
207,1,DDP,,COMPOST,,All,2031,,1.0,,,,,,,,,,,,,,,,,,,,
207,1,DDP,,COMPOST,,All,2032,,1.0,,,,,,,,,,,,,,,,,,,,
207,1,DDP,,COMPOST,,All,2033,,1.0,,,,,,,,,,,,,,,,,,,,
207,1,DDP,,COMPOST,,All,2034,,1.0,,,,,,,,,,,,,,,,,,,,
207,1,DDP,,COMPOST,,All,2035,,1.0,,,,,,,,,,,,,,,,,,,,
207,1,DDP,,COMPOST,,All,2036,,1.0,,,,,,,,,,,,,,,,,,,,
207,1,DDP,,COMPOST,,All,2037,,1.0,,,,,,,,,,,,,,,,,,,,
207,1,DDP,,COMPOST,,All,2038,,1.0,,,,,,,,,,,,,,,,,,,,
207,1,DDP,,COMPOST,,All,2039,,1.0,,,,,,,,,,,,,,,,,,,,
207,1,DDP,,COMPOST,,All,2040,,1.0,,,,,,,,,,,,,,,,,,,,
207,1,DDP,,COMPOST,,All,2041,,1.0,,,,,,,,,,,,,,,,,,,,
207,1,DDP,,COMPOST,,All,2042,,1.0,,,,,,,,,,,,,,,,,,,,
207,1,DDP,,COMPOST,,All,2043,,1.0,,,,,,,,,,,,,,,,,,,,
207,1,DDP,,COMPOST,,All,2044,,1.0,,,,,,,,,,,,,,,,,,,,
207,1,DDP,,COMPOST,,All,2045,,1.0,,,,,,,,,,,,,,,,,,,,
207,1,DDP,,COMPOST,,All,2046,,1.0,,,,,,,,,,,,,,,,,,,,
207,1,DDP,,COMPOST,,All,2047,,1.0,,,,,,,,,,,,,,,,,,,,
207,1,DDP,,COMPOST,,All,2048,,1.0,,,,,,,,,,,,,,,,,,,,
207,1,DDP,,COMPOST,,All,2049,,1.0,,,,,,,,,,,,,,,,,,,,
207,1,DDP,,COMPOST,,All,2050,,1.0,,,,,,,,,,,,,,,,,,,,
207,1,DDP,,COMPOST,,All,2051,,1.0,,,,,,,,,,,,,,,,,,,,
207,1,DDP,,COMPOST,,All,2052,,1.0,,,,,,,,,,,,,,,,,,,,
207,1,DDP,,COMPOST,,All,2053,,1.0,,,,,,,,,,,,,,,,,,,,
207,1,DDP,,COMPOST,,All,2054,,1.0,,,,,,,,,,,,,,,,,,,,
207,1,DDP,,COMPOST,,All,2055,,1.0,,,,,,,,,,,,,,,,,,,,
207,1,DDP,,COMPOST,,All,2056,,1.0,,,,,,,,,,,,,,,,,,,,
207,1,DDP,,COMPOST,,All,2057,,1.0,,,,,,,,,,,,,,,,,,,,
207,1,DDP,,COMPOST,,All,2058,,1.0,,,,,,,,,,,,,,,,,,,,
207,1,DDP,,COMPOST,,All,2059,,1.0,,,,,,,,,,,,,,,,,,,,
207,1,DDP,,COMPOST,,All,2060,,1.0,,,,,,,,,,,,,,,,,,,,
207,1,DDP,,COMPOST,,All,2061,,1.0,,,,,,,,,,,,,,,,,,,,
207,1,DDP,,COMPOST,,All,2062,,1.0,,,,,,,,,,,,,,,,,,,,
207,1,DDP,,COMPOST,,All,2063,,1.0,,,,,,,,,,,,,,,,,,,,
207,1,DDP,,COMPOST,,All,2064,,1.0,,,,,,,,,,,,,,,,,,,,
207,1,DDP,,COMPOST,,All,2065,,1.0,,,,,,,,,,,,,,,,,,,,
207,1,DDP,,COMPOST,,All,2066,,1.0,,,,,,,,,,,,,,,,,,,,
207,1,DDP,,COMPOST,,All,2067,,1.0,,,,,,,,,,,,,,,,,,,,
207,1,DDP,,COMPOST,,All,2068,,1.0,,,,,,,,,,,,,,,,,,,,
207,1,DDP,,COMPOST,,All,2069,,1.0,,,,,,,,,,,,,,,,,,,,
207,1,DDP,,COMPOST,,All,2070,,1.0,,,,,,,,,,,,,,,,,,,,
207,1,DDP,,LANDFILL,,All,2018,,1.0,,,,,,,,,,,,,,,,,,,,
207,1,DDP,,LANDFILL,,All,2019,,1.0,,,,,,,,,,,,,,,,,,,,
207,1,DDP,,LANDFILL,,All,2020,,1.0,,,,,,,,,,,,,,,,,,,,
207,1,DDP,,LANDFILL,,All,2021,,1.0,,,,,,,,,,,,,,,,,,,,
207,1,DDP,,LANDFILL,,All,2022,,1.0,,,,,,,,,,,,,,,,,,,,
207,1,DDP,,LANDFILL,,All,2023,,1.0,,,,,,,,,,,,,,,,,,,,
207,1,DDP,,LANDFILL,,All,2024,,1.0,,,,,,,,,,,,,,,,,,,,
207,1,DDP,,LANDFILL,,All,2025,,1.0,,,,,,,,,,,,,,,,,,,,
207,1,DDP,,LANDFILL,,All,2026,,1.0,,,,,,,,,,,,,,,,,,,,
207,1,DDP,,LANDFILL,,All,2027,,1.0,,,,,,,,,,,,,,,,,,,,
207,1,DDP,,LANDFILL,,All,2028,,1.0,,,,,,,,,,,,,,,,,,,,
207,1,DDP,,LANDFILL,,All,2029,,1.0,,,,,,,,,,,,,,,,,,,,
207,1,DDP,,LANDFILL,,All,2030,,1.0,,,,,,,,,,,,,,,,,,,,
207,1,DDP,,LANDFILL,,All,2031,,1.0,,,,,,,,,,,,,,,,,,,,
207,1,DDP,,LANDFILL,,All,2032,,1.0,,,,,,,,,,,,,,,,,,,,
207,1,DDP,,LANDFILL,,All,2033,,1.0,,,,,,,,,,,,,,,,,,,,
207,1,DDP,,LANDFILL,,All,2034,,1.0,,,,,,,,,,,,,,,,,,,,
207,1,DDP,,LANDFILL,,All,2035,,1.0,,,,,,,,,,,,,,,,,,,,
207,1,DDP,,LANDFILL,,All,2036,,1.0,,,,,,,,,,,,,,,,,,,,
207,1,DDP,,LANDFILL,,All,2037,,1.0,,,,,,,,,,,,,,,,,,,,
207,1,DDP,,LANDFILL,,All,2038,,1.0,,,,,,,,,,,,,,,,,,,,
207,1,DDP,,LANDFILL,,All,2039,,1.0,,,,,,,,,,,,,,,,,,,,
207,1,DDP,,LANDFILL,,All,2040,,1.0,,,,,,,,,,,,,,,,,,,,
207,1,DDP,,LANDFILL,,All,2041,,1.0,,,,,,,,,,,,,,,,,,,,
207,1,DDP,,LANDFILL,,All,2042,,1.0,,,,,,,,,,,,,,,,,,,,
207,1,DDP,,LANDFILL,,All,2043,,1.0,,,,,,,,,,,,,,,,,,,,
207,1,DDP,,LANDFILL,,All,2044,,1.0,,,,,,,,,,,,,,,,,,,,
207,1,DDP,,LANDFILL,,All,2045,,1.0,,,,,,,,,,,,,,,,,,,,
207,1,DDP,,LANDFILL,,All,2046,,1.0,,,,,,,,,,,,,,,,,,,,
207,1,DDP,,LANDFILL,,All,2047,,1.0,,,,,,,,,,,,,,,,,,,,
207,1,DDP,,LANDFILL,,All,2048,,1.0,,,,,,,,,,,,,,,,,,,,
207,1,DDP,,LANDFILL,,All,2049,,1.0,,,,,,,,,,,,,,,,,,,,
207,1,DDP,,LANDFILL,,All,2050,,1.0,,,,,,,,,,,,,,,,,,,,
207,1,DDP,,LANDFILL,,All,2051,,1.0,,,,,,,,,,,,,,,,,,,,
207,1,DDP,,LANDFILL,,All,2052,,1.0,,,,,,,,,,,,,,,,,,,,
207,1,DDP,,LANDFILL,,All,2053,,1.0,,,,,,,,,,,,,,,,,,,,
207,1,DDP,,LANDFILL,,All,2054,,1.0,,,,,,,,,,,,,,,,,,,,
207,1,DDP,,LANDFILL,,All,2055,,1.0,,,,,,,,,,,,,,,,,,,,
207,1,DDP,,LANDFILL,,All,2056,,1.0,,,,,,,,,,,,,,,,,,,,
207,1,DDP,,LANDFILL,,All,2057,,1.0,,,,,,,,,,,,,,,,,,,,
207,1,DDP,,LANDFILL,,All,2058,,1.0,,,,,,,,,,,,,,,,,,,,
207,1,DDP,,LANDFILL,,All,2059,,1.0,,,,,,,,,,,,,,,,,,,,
207,1,DDP,,LANDFILL,,All,2060,,1.0,,,,,,,,,,,,,,,,,,,,
207,1,DDP,,LANDFILL,,All,2061,,1.0,,,,,,,,,,,,,,,,,,,,
207,1,DDP,,LANDFILL,,All,2062,,1.0,,,,,,,,,,,,,,,,,,,,
207,1,DDP,,LANDFILL,,All,2063,,1.0,,,,,,,,,,,,,,,,,,,,
207,1,DDP,,LANDFILL,,All,2064,,1.0,,,,,,,,,,,,,,,,,,,,
207,1,DDP,,LANDFILL,,All,2065,,1.0,,,,,,,,,,,,,,,,,,,,
207,1,DDP,,LANDFILL,,All,2066,,1.0,,,,,,,,,,,,,,,,,,,,
207,1,DDP,,LANDFILL,,All,2067,,1.0,,,,,,,,,,,,,,,,,,,,
207,1,DDP,,LANDFILL,,All,2068,,1.0,,,,,,,,,,,,,,,,,,,,
207,1,DDP,,LANDFILL,,All,2069,,1.0,,,,,,,,,,,,,,,,,,,,
207,1,DDP,,LANDFILL,,All,2070,,1.0,,,,,,,,,,,,,,,,,,,,
207,1,DDP,,NO_CONTR_OD,,All,2018,,1.0,,,,,,,,,,,,,,,,,,,,
207,1,DDP,,NO_CONTR_OD,,All,2019,,1.0,,,,,,,,,,,,,,,,,,,,
207,1,DDP,,NO_CONTR_OD,,All,2020,,1.0,,,,,,,,,,,,,,,,,,,,
207,1,DDP,,NO_CONTR_OD,,All,2021,,1.0,,,,,,,,,,,,,,,,,,,,
207,1,DDP,,NO_CONTR_OD,,All,2022,,1.0,,,,,,,,,,,,,,,,,,,,
207,1,DDP,,NO_CONTR_OD,,All,2023,,1.0,,,,,,,,,,,,,,,,,,,,
207,1,DDP,,NO_CONTR_OD,,All,2024,,1.0,,,,,,,,,,,,,,,,,,,,
207,1,DDP,,NO_CONTR_OD,,All,2025,,1.0,,,,,,,,,,,,,,,,,,,,
207,1,DDP,,NO_CONTR_OD,,All,2026,,1.0,,,,,,,,,,,,,,,,,,,,
207,1,DDP,,NO_CONTR_OD,,All,2027,,1.0,,,,,,,,,,,,,,,,,,,,
207,1,DDP,,NO_CONTR_OD,,All,2028,,1.0,,,,,,,,,,,,,,,,,,,,
207,1,DDP,,NO_CONTR_OD,,All,2029,,1.0,,,,,,,,,,,,,,,,,,,,
207,1,DDP,,NO_CONTR_OD,,All,2030,,1.0,,,,,,,,,,,,,,,,,,,,
207,1,DDP,,NO_CONTR_OD,,All,2031,,1.0,,,,,,,,,,,,,,,,,,,,
207,1,DDP,,NO_CONTR_OD,,All,2032,,1.0,,,,,,,,,,,,,,,,,,,,
207,1,DDP,,NO_CONTR_OD,,All,2033,,1.0,,,,,,,,,,,,,,,,,,,,
207,1,DDP,,NO_CONTR_OD,,All,2034,,1.0,,,,,,,,,,,,,,,,,,,,
207,1,DDP,,NO_CONTR_OD,,All,2035,,1.0,,,,,,,,,,,,,,,,,,,,
207,1,DDP,,NO_CONTR_OD,,All,2036,,1.0,,,,,,,,,,,,,,,,,,,,
207,1,DDP,,NO_CONTR_OD,,All,2037,,1.0,,,,,,,,,,,,,,,,,,,,
207,1,DDP,,NO_CONTR_OD,,All,2038,,1.0,,,,,,,,,,,,,,,,,,,,
207,1,DDP,,NO_CONTR_OD,,All,2039,,1.0,,,,,,,,,,,,,,,,,,,,
207,1,DDP,,NO_CONTR_OD,,All,2040,,1.0,,,,,,,,,,,,,,,,,,,,
207,1,DDP,,NO_CONTR_OD,,All,2041,,1.0,,,,,,,,,,,,,,,,,,,,
207,1,DDP,,NO_CONTR_OD,,All,2042,,1.0,,,,,,,,,,,,,,,,,,,,
207,1,DDP,,NO_CONTR_OD,,All,2043,,1.0,,,,,,,,,,,,,,,,,,,,
207,1,DDP,,NO_CONTR_OD,,All,2044,,1.0,,,,,,,,,,,,,,,,,,,,
207,1,DDP,,NO_CONTR_OD,,All,2045,,1.0,,,,,,,,,,,,,,,,,,,,
207,1,DDP,,NO_CONTR_OD,,All,2046,,1.0,,,,,,,,,,,,,,,,,,,,
207,1,DDP,,NO_CONTR_OD,,All,2047,,1.0,,,,,,,,,,,,,,,,,,,,
207,1,DDP,,NO_CONTR_OD,,All,2048,,1.0,,,,,,,,,,,,,,,,,,,,
207,1,DDP,,NO_CONTR_OD,,All,2049,,1.0,,,,,,,,,,,,,,,,,,,,
207,1,DDP,,NO_CONTR_OD,,All,2050,,1.0,,,,,,,,,,,,,,,,,,,,
207,1,DDP,,NO_CONTR_OD,,All,2051,,1.0,,,,,,,,,,,,,,,,,,,,
207,1,DDP,,NO_CONTR_OD,,All,2052,,1.0,,,,,,,,,,,,,,,,,,,,
207,1,DDP,,NO_CONTR_OD,,All,2053,,1.0,,,,,,,,,,,,,,,,,,,,
207,1,DDP,,NO_CONTR_OD,,All,2054,,1.0,,,,,,,,,,,,,,,,,,,,
207,1,DDP,,NO_CONTR_OD,,All,2055,,1.0,,,,,,,,,,,,,,,,,,,,
207,1,DDP,,NO_CONTR_OD,,All,2056,,1.0,,,,,,,,,,,,,,,,,,,,
207,1,DDP,,NO_CONTR_OD,,All,2057,,1.0,,,,,,,,,,,,,,,,,,,,
207,1,DDP,,NO_CONTR_OD,,All,2058,,1.0,,,,,,,,,,,,,,,,,,,,
207,1,DDP,,NO_CONTR_OD,,All,2059,,1.0,,,,,,,,,,,,,,,,,,,,
207,1,DDP,,NO_CONTR_OD,,All,2060,,1.0,,,,,,,,,,,,,,,,,,,,
207,1,DDP,,NO_CONTR_OD,,All,2061,,1.0,,,,,,,,,,,,,,,,,,,,
207,1,DDP,,NO_CONTR_OD,,All,2062,,1.0,,,,,,,,,,,,,,,,,,,,
207,1,DDP,,NO_CONTR_OD,,All,2063,,1.0,,,,,,,,,,,,,,,,,,,,
207,1,DDP,,NO_CONTR_OD,,All,2064,,1.0,,,,,,,,,,,,,,,,,,,,
207,1,DDP,,NO_CONTR_OD,,All,2065,,1.0,,,,,,,,,,,,,,,,,,,,
207,1,DDP,,NO_CONTR_OD,,All,2066,,1.0,,,,,,,,,,,,,,,,,,,,
207,1,DDP,,NO_CONTR_OD,,All,2067,,1.0,,,,,,,,,,,,,,,,,,,,
207,1,DDP,,NO_CONTR_OD,,All,2068,,1.0,,,,,,,,,,,,,,,,,,,,
207,1,DDP,,NO_CONTR_OD,,All,2069,,1.0,,,,,,,,,,,,,,,,,,,,
207,1,DDP,,NO_CONTR_OD,,All,2070,,1.0,,,,,,,,,,,,,,,,,,,,
207,1,DDP,,WWWOT,,All,2018,,1.0,,,,,,,,,,,,,,,,,,,,
207,1,DDP,,WWWOT,,All,2019,,1.0,,,,,,,,,,,,,,,,,,,,
207,1,DDP,,WWWOT,,All,2020,,1.0,,,,,,,,,,,,,,,,,,,,
207,1,DDP,,WWWOT,,All,2021,,1.0,,,,,,,,,,,,,,,,,,,,
207,1,DDP,,WWWOT,,All,2022,,1.0,,,,,,,,,,,,,,,,,,,,
207,1,DDP,,WWWOT,,All,2023,,1.0,,,,,,,,,,,,,,,,,,,,
207,1,DDP,,WWWOT,,All,2024,,1.0,,,,,,,,,,,,,,,,,,,,
207,1,DDP,,WWWOT,,All,2025,,1.0,,,,,,,,,,,,,,,,,,,,
207,1,DDP,,WWWOT,,All,2026,,1.0,,,,,,,,,,,,,,,,,,,,
207,1,DDP,,WWWOT,,All,2027,,1.0,,,,,,,,,,,,,,,,,,,,
207,1,DDP,,WWWOT,,All,2028,,1.0,,,,,,,,,,,,,,,,,,,,
207,1,DDP,,WWWOT,,All,2029,,1.0,,,,,,,,,,,,,,,,,,,,
207,1,DDP,,WWWOT,,All,2030,,1.0,,,,,,,,,,,,,,,,,,,,
207,1,DDP,,WWWOT,,All,2031,,1.0,,,,,,,,,,,,,,,,,,,,
207,1,DDP,,WWWOT,,All,2032,,1.0,,,,,,,,,,,,,,,,,,,,
207,1,DDP,,WWWOT,,All,2033,,1.0,,,,,,,,,,,,,,,,,,,,
207,1,DDP,,WWWOT,,All,2034,,1.0,,,,,,,,,,,,,,,,,,,,
207,1,DDP,,WWWOT,,All,2035,,1.0,,,,,,,,,,,,,,,,,,,,
207,1,DDP,,WWWOT,,All,2036,,1.0,,,,,,,,,,,,,,,,,,,,
207,1,DDP,,WWWOT,,All,2037,,1.0,,,,,,,,,,,,,,,,,,,,
207,1,DDP,,WWWOT,,All,2038,,1.0,,,,,,,,,,,,,,,,,,,,
207,1,DDP,,WWWOT,,All,2039,,1.0,,,,,,,,,,,,,,,,,,,,
207,1,DDP,,WWWOT,,All,2040,,1.0,,,,,,,,,,,,,,,,,,,,
207,1,DDP,,WWWOT,,All,2041,,1.0,,,,,,,,,,,,,,,,,,,,
207,1,DDP,,WWWOT,,All,2042,,1.0,,,,,,,,,,,,,,,,,,,,
207,1,DDP,,WWWOT,,All,2043,,1.0,,,,,,,,,,,,,,,,,,,,
207,1,DDP,,WWWOT,,All,2044,,1.0,,,,,,,,,,,,,,,,,,,,
207,1,DDP,,WWWOT,,All,2045,,1.0,,,,,,,,,,,,,,,,,,,,
207,1,DDP,,WWWOT,,All,2046,,1.0,,,,,,,,,,,,,,,,,,,,
207,1,DDP,,WWWOT,,All,2047,,1.0,,,,,,,,,,,,,,,,,,,,
207,1,DDP,,WWWOT,,All,2048,,1.0,,,,,,,,,,,,,,,,,,,,
207,1,DDP,,WWWOT,,All,2049,,1.0,,,,,,,,,,,,,,,,,,,,
207,1,DDP,,WWWOT,,All,2050,,1.0,,,,,,,,,,,,,,,,,,,,
207,1,DDP,,WWWOT,,All,2051,,1.0,,,,,,,,,,,,,,,,,,,,
207,1,DDP,,WWWOT,,All,2052,,1.0,,,,,,,,,,,,,,,,,,,,
207,1,DDP,,WWWOT,,All,2053,,1.0,,,,,,,,,,,,,,,,,,,,
207,1,DDP,,WWWOT,,All,2054,,1.0,,,,,,,,,,,,,,,,,,,,
207,1,DDP,,WWWOT,,All,2055,,1.0,,,,,,,,,,,,,,,,,,,,
207,1,DDP,,WWWOT,,All,2056,,1.0,,,,,,,,,,,,,,,,,,,,
207,1,DDP,,WWWOT,,All,2057,,1.0,,,,,,,,,,,,,,,,,,,,
207,1,DDP,,WWWOT,,All,2058,,1.0,,,,,,,,,,,,,,,,,,,,
207,1,DDP,,WWWOT,,All,2059,,1.0,,,,,,,,,,,,,,,,,,,,
207,1,DDP,,WWWOT,,All,2060,,1.0,,,,,,,,,,,,,,,,,,,,
207,1,DDP,,WWWOT,,All,2061,,1.0,,,,,,,,,,,,,,,,,,,,
207,1,DDP,,WWWOT,,All,2062,,1.0,,,,,,,,,,,,,,,,,,,,
207,1,DDP,,WWWOT,,All,2063,,1.0,,,,,,,,,,,,,,,,,,,,
207,1,DDP,,WWWOT,,All,2064,,1.0,,,,,,,,,,,,,,,,,,,,
207,1,DDP,,WWWOT,,All,2065,,1.0,,,,,,,,,,,,,,,,,,,,
207,1,DDP,,WWWOT,,All,2066,,1.0,,,,,,,,,,,,,,,,,,,,
207,1,DDP,,WWWOT,,All,2067,,1.0,,,,,,,,,,,,,,,,,,,,
207,1,DDP,,WWWOT,,All,2068,,1.0,,,,,,,,,,,,,,,,,,,,
207,1,DDP,,WWWOT,,All,2069,,1.0,,,,,,,,,,,,,,,,,,,,
207,1,DDP,,WWWOT,,All,2070,,1.0,,,,,,,,,,,,,,,,,,,,
207,1,DDP,,WWWT,,All,2018,,1.0,,,,,,,,,,,,,,,,,,,,
207,1,DDP,,WWWT,,All,2019,,1.0,,,,,,,,,,,,,,,,,,,,
207,1,DDP,,WWWT,,All,2020,,1.0,,,,,,,,,,,,,,,,,,,,
207,1,DDP,,WWWT,,All,2021,,1.0,,,,,,,,,,,,,,,,,,,,
207,1,DDP,,WWWT,,All,2022,,1.0,,,,,,,,,,,,,,,,,,,,
207,1,DDP,,WWWT,,All,2023,,1.0,,,,,,,,,,,,,,,,,,,,
207,1,DDP,,WWWT,,All,2024,,1.0,,,,,,,,,,,,,,,,,,,,
207,1,DDP,,WWWT,,All,2025,,1.0,,,,,,,,,,,,,,,,,,,,
207,1,DDP,,WWWT,,All,2026,,1.0,,,,,,,,,,,,,,,,,,,,
207,1,DDP,,WWWT,,All,2027,,1.0,,,,,,,,,,,,,,,,,,,,
207,1,DDP,,WWWT,,All,2028,,1.0,,,,,,,,,,,,,,,,,,,,
207,1,DDP,,WWWT,,All,2029,,1.0,,,,,,,,,,,,,,,,,,,,
207,1,DDP,,WWWT,,All,2030,,1.0,,,,,,,,,,,,,,,,,,,,
207,1,DDP,,WWWT,,All,2031,,1.0,,,,,,,,,,,,,,,,,,,,
207,1,DDP,,WWWT,,All,2032,,1.0,,,,,,,,,,,,,,,,,,,,
207,1,DDP,,WWWT,,All,2033,,1.0,,,,,,,,,,,,,,,,,,,,
207,1,DDP,,WWWT,,All,2034,,1.0,,,,,,,,,,,,,,,,,,,,
207,1,DDP,,WWWT,,All,2035,,1.0,,,,,,,,,,,,,,,,,,,,
207,1,DDP,,WWWT,,All,2036,,1.0,,,,,,,,,,,,,,,,,,,,
207,1,DDP,,WWWT,,All,2037,,1.0,,,,,,,,,,,,,,,,,,,,
207,1,DDP,,WWWT,,All,2038,,1.0,,,,,,,,,,,,,,,,,,,,
207,1,DDP,,WWWT,,All,2039,,1.0,,,,,,,,,,,,,,,,,,,,
207,1,DDP,,WWWT,,All,2040,,1.0,,,,,,,,,,,,,,,,,,,,
207,1,DDP,,WWWT,,All,2041,,1.0,,,,,,,,,,,,,,,,,,,,
207,1,DDP,,WWWT,,All,2042,,1.0,,,,,,,,,,,,,,,,,,,,
207,1,DDP,,WWWT,,All,2043,,1.0,,,,,,,,,,,,,,,,,,,,
207,1,DDP,,WWWT,,All,2044,,1.0,,,,,,,,,,,,,,,,,,,,
207,1,DDP,,WWWT,,All,2045,,1.0,,,,,,,,,,,,,,,,,,,,
207,1,DDP,,WWWT,,All,2046,,1.0,,,,,,,,,,,,,,,,,,,,
207,1,DDP,,WWWT,,All,2047,,1.0,,,,,,,,,,,,,,,,,,,,
207,1,DDP,,WWWT,,All,2048,,1.0,,,,,,,,,,,,,,,,,,,,
207,1,DDP,,WWWT,,All,2049,,1.0,,,,,,,,,,,,,,,,,,,,
207,1,DDP,,WWWT,,All,2050,,1.0,,,,,,,,,,,,,,,,,,,,
207,1,DDP,,WWWT,,All,2051,,1.0,,,,,,,,,,,,,,,,,,,,
207,1,DDP,,WWWT,,All,2052,,1.0,,,,,,,,,,,,,,,,,,,,
207,1,DDP,,WWWT,,All,2053,,1.0,,,,,,,,,,,,,,,,,,,,
207,1,DDP,,WWWT,,All,2054,,1.0,,,,,,,,,,,,,,,,,,,,
207,1,DDP,,WWWT,,All,2055,,1.0,,,,,,,,,,,,,,,,,,,,
207,1,DDP,,WWWT,,All,2056,,1.0,,,,,,,,,,,,,,,,,,,,
207,1,DDP,,WWWT,,All,2057,,1.0,,,,,,,,,,,,,,,,,,,,
207,1,DDP,,WWWT,,All,2058,,1.0,,,,,,,,,,,,,,,,,,,,
207,1,DDP,,WWWT,,All,2059,,1.0,,,,,,,,,,,,,,,,,,,,
207,1,DDP,,WWWT,,All,2060,,1.0,,,,,,,,,,,,,,,,,,,,
207,1,DDP,,WWWT,,All,2061,,1.0,,,,,,,,,,,,,,,,,,,,
207,1,DDP,,WWWT,,All,2062,,1.0,,,,,,,,,,,,,,,,,,,,
207,1,DDP,,WWWT,,All,2063,,1.0,,,,,,,,,,,,,,,,,,,,
207,1,DDP,,WWWT,,All,2064,,1.0,,,,,,,,,,,,,,,,,,,,
207,1,DDP,,WWWT,,All,2065,,1.0,,,,,,,,,,,,,,,,,,,,
207,1,DDP,,WWWT,,All,2066,,1.0,,,,,,,,,,,,,,,,,,,,
207,1,DDP,,WWWT,,All,2067,,1.0,,,,,,,,,,,,,,,,,,,,
207,1,DDP,,WWWT,,All,2068,,1.0,,,,,,,,,,,,,,,,,,,,
207,1,DDP,,WWWT,,All,2069,,1.0,,,,,,,,,,,,,,,,,,,,
207,1,DDP,,WWWT,,All,2070,,1.0,,,,,,,,,,,,,,,,,,,,
207,1,DDP,,WFIRU,,All,2018,,1.0,,,,,,,,,,,,,,,,,,,,
207,1,DDP,,WFIRU,,All,2019,,1.0,,,,,,,,,,,,,,,,,,,,
207,1,DDP,,WFIRU,,All,2020,,1.0,,,,,,,,,,,,,,,,,,,,
207,1,DDP,,WFIRU,,All,2021,,1.0,,,,,,,,,,,,,,,,,,,,
207,1,DDP,,WFIRU,,All,2022,,1.0,,,,,,,,,,,,,,,,,,,,
207,1,DDP,,WFIRU,,All,2023,,1.0,,,,,,,,,,,,,,,,,,,,
207,1,DDP,,WFIRU,,All,2024,,1.0,,,,,,,,,,,,,,,,,,,,
207,1,DDP,,WFIRU,,All,2025,,1.0,,,,,,,,,,,,,,,,,,,,
207,1,DDP,,WFIRU,,All,2026,,1.0,,,,,,,,,,,,,,,,,,,,
207,1,DDP,,WFIRU,,All,2027,,1.0,,,,,,,,,,,,,,,,,,,,
207,1,DDP,,WFIRU,,All,2028,,1.0,,,,,,,,,,,,,,,,,,,,
207,1,DDP,,WFIRU,,All,2029,,1.0,,,,,,,,,,,,,,,,,,,,
207,1,DDP,,WFIRU,,All,2030,,1.0,,,,,,,,,,,,,,,,,,,,
207,1,DDP,,WFIRU,,All,2031,,1.0,,,,,,,,,,,,,,,,,,,,
207,1,DDP,,WFIRU,,All,2032,,1.0,,,,,,,,,,,,,,,,,,,,
207,1,DDP,,WFIRU,,All,2033,,1.0,,,,,,,,,,,,,,,,,,,,
207,1,DDP,,WFIRU,,All,2034,,1.0,,,,,,,,,,,,,,,,,,,,
207,1,DDP,,WFIRU,,All,2035,,1.0,,,,,,,,,,,,,,,,,,,,
207,1,DDP,,WFIRU,,All,2036,,1.0,,,,,,,,,,,,,,,,,,,,
207,1,DDP,,WFIRU,,All,2037,,1.0,,,,,,,,,,,,,,,,,,,,
207,1,DDP,,WFIRU,,All,2038,,1.0,,,,,,,,,,,,,,,,,,,,
207,1,DDP,,WFIRU,,All,2039,,1.0,,,,,,,,,,,,,,,,,,,,
207,1,DDP,,WFIRU,,All,2040,,1.0,,,,,,,,,,,,,,,,,,,,
207,1,DDP,,WFIRU,,All,2041,,1.0,,,,,,,,,,,,,,,,,,,,
207,1,DDP,,WFIRU,,All,2042,,1.0,,,,,,,,,,,,,,,,,,,,
207,1,DDP,,WFIRU,,All,2043,,1.0,,,,,,,,,,,,,,,,,,,,
207,1,DDP,,WFIRU,,All,2044,,1.0,,,,,,,,,,,,,,,,,,,,
207,1,DDP,,WFIRU,,All,2045,,1.0,,,,,,,,,,,,,,,,,,,,
207,1,DDP,,WFIRU,,All,2046,,1.0,,,,,,,,,,,,,,,,,,,,
207,1,DDP,,WFIRU,,All,2047,,1.0,,,,,,,,,,,,,,,,,,,,
207,1,DDP,,WFIRU,,All,2048,,1.0,,,,,,,,,,,,,,,,,,,,
207,1,DDP,,WFIRU,,All,2049,,1.0,,,,,,,,,,,,,,,,,,,,
207,1,DDP,,WFIRU,,All,2050,,1.0,,,,,,,,,,,,,,,,,,,,
207,1,DDP,,WFIRU,,All,2051,,1.0,,,,,,,,,,,,,,,,,,,,
207,1,DDP,,WFIRU,,All,2052,,1.0,,,,,,,,,,,,,,,,,,,,
207,1,DDP,,WFIRU,,All,2053,,1.0,,,,,,,,,,,,,,,,,,,,
207,1,DDP,,WFIRU,,All,2054,,1.0,,,,,,,,,,,,,,,,,,,,
207,1,DDP,,WFIRU,,All,2055,,1.0,,,,,,,,,,,,,,,,,,,,
207,1,DDP,,WFIRU,,All,2056,,1.0,,,,,,,,,,,,,,,,,,,,
207,1,DDP,,WFIRU,,All,2057,,1.0,,,,,,,,,,,,,,,,,,,,
207,1,DDP,,WFIRU,,All,2058,,1.0,,,,,,,,,,,,,,,,,,,,
207,1,DDP,,WFIRU,,All,2059,,1.0,,,,,,,,,,,,,,,,,,,,
207,1,DDP,,WFIRU,,All,2060,,1.0,,,,,,,,,,,,,,,,,,,,
207,1,DDP,,WFIRU,,All,2061,,1.0,,,,,,,,,,,,,,,,,,,,
207,1,DDP,,WFIRU,,All,2062,,1.0,,,,,,,,,,,,,,,,,,,,
207,1,DDP,,WFIRU,,All,2063,,1.0,,,,,,,,,,,,,,,,,,,,
207,1,DDP,,WFIRU,,All,2064,,1.0,,,,,,,,,,,,,,,,,,,,
207,1,DDP,,WFIRU,,All,2065,,1.0,,,,,,,,,,,,,,,,,,,,
207,1,DDP,,WFIRU,,All,2066,,1.0,,,,,,,,,,,,,,,,,,,,
207,1,DDP,,WFIRU,,All,2067,,1.0,,,,,,,,,,,,,,,,,,,,
207,1,DDP,,WFIRU,,All,2068,,1.0,,,,,,,,,,,,,,,,,,,,
207,1,DDP,,WFIRU,,All,2069,,1.0,,,,,,,,,,,,,,,,,,,,
207,1,DDP,,WFIRU,,All,2070,,1.0,,,,,,,,,,,,,,,,,,,,
207,1,DDP,,IWW,,All,2018,,1.0,,,,,,,,,,,,,,,,,,,,
207,1,DDP,,IWW,,All,2019,,1.0,,,,,,,,,,,,,,,,,,,,
207,1,DDP,,IWW,,All,2020,,1.0,,,,,,,,,,,,,,,,,,,,
207,1,DDP,,IWW,,All,2021,,1.0,,,,,,,,,,,,,,,,,,,,
207,1,DDP,,IWW,,All,2022,,1.0,,,,,,,,,,,,,,,,,,,,
207,1,DDP,,IWW,,All,2023,,1.0,,,,,,,,,,,,,,,,,,,,
207,1,DDP,,IWW,,All,2024,,1.0,,,,,,,,,,,,,,,,,,,,
207,1,DDP,,IWW,,All,2025,,1.0,,,,,,,,,,,,,,,,,,,,
207,1,DDP,,IWW,,All,2026,,1.0,,,,,,,,,,,,,,,,,,,,
207,1,DDP,,IWW,,All,2027,,1.0,,,,,,,,,,,,,,,,,,,,
207,1,DDP,,IWW,,All,2028,,1.0,,,,,,,,,,,,,,,,,,,,
207,1,DDP,,IWW,,All,2029,,1.0,,,,,,,,,,,,,,,,,,,,
207,1,DDP,,IWW,,All,2030,,1.0,,,,,,,,,,,,,,,,,,,,
207,1,DDP,,IWW,,All,2031,,1.0,,,,,,,,,,,,,,,,,,,,
207,1,DDP,,IWW,,All,2032,,1.0,,,,,,,,,,,,,,,,,,,,
207,1,DDP,,IWW,,All,2033,,1.0,,,,,,,,,,,,,,,,,,,,
207,1,DDP,,IWW,,All,2034,,1.0,,,,,,,,,,,,,,,,,,,,
207,1,DDP,,IWW,,All,2035,,1.0,,,,,,,,,,,,,,,,,,,,
207,1,DDP,,IWW,,All,2036,,1.0,,,,,,,,,,,,,,,,,,,,
207,1,DDP,,IWW,,All,2037,,1.0,,,,,,,,,,,,,,,,,,,,
207,1,DDP,,IWW,,All,2038,,1.0,,,,,,,,,,,,,,,,,,,,
207,1,DDP,,IWW,,All,2039,,1.0,,,,,,,,,,,,,,,,,,,,
207,1,DDP,,IWW,,All,2040,,1.0,,,,,,,,,,,,,,,,,,,,
207,1,DDP,,IWW,,All,2041,,1.0,,,,,,,,,,,,,,,,,,,,
207,1,DDP,,IWW,,All,2042,,1.0,,,,,,,,,,,,,,,,,,,,
207,1,DDP,,IWW,,All,2043,,1.0,,,,,,,,,,,,,,,,,,,,
207,1,DDP,,IWW,,All,2044,,1.0,,,,,,,,,,,,,,,,,,,,
207,1,DDP,,IWW,,All,2045,,1.0,,,,,,,,,,,,,,,,,,,,
207,1,DDP,,IWW,,All,2046,,1.0,,,,,,,,,,,,,,,,,,,,
207,1,DDP,,IWW,,All,2047,,1.0,,,,,,,,,,,,,,,,,,,,
207,1,DDP,,IWW,,All,2048,,1.0,,,,,,,,,,,,,,,,,,,,
207,1,DDP,,IWW,,All,2049,,1.0,,,,,,,,,,,,,,,,,,,,
207,1,DDP,,IWW,,All,2050,,1.0,,,,,,,,,,,,,,,,,,,,
207,1,DDP,,IWW,,All,2051,,1.0,,,,,,,,,,,,,,,,,,,,
207,1,DDP,,IWW,,All,2052,,1.0,,,,,,,,,,,,,,,,,,,,
207,1,DDP,,IWW,,All,2053,,1.0,,,,,,,,,,,,,,,,,,,,
207,1,DDP,,IWW,,All,2054,,1.0,,,,,,,,,,,,,,,,,,,,
207,1,DDP,,IWW,,All,2055,,1.0,,,,,,,,,,,,,,,,,,,,
207,1,DDP,,IWW,,All,2056,,1.0,,,,,,,,,,,,,,,,,,,,
207,1,DDP,,IWW,,All,2057,,1.0,,,,,,,,,,,,,,,,,,,,
207,1,DDP,,IWW,,All,2058,,1.0,,,,,,,,,,,,,,,,,,,,
207,1,DDP,,IWW,,All,2059,,1.0,,,,,,,,,,,,,,,,,,,,
207,1,DDP,,IWW,,All,2060,,1.0,,,,,,,,,,,,,,,,,,,,
207,1,DDP,,IWW,,All,2061,,1.0,,,,,,,,,,,,,,,,,,,,
207,1,DDP,,IWW,,All,2062,,1.0,,,,,,,,,,,,,,,,,,,,
207,1,DDP,,IWW,,All,2063,,1.0,,,,,,,,,,,,,,,,,,,,
207,1,DDP,,IWW,,All,2064,,1.0,,,,,,,,,,,,,,,,,,,,
207,1,DDP,,IWW,,All,2065,,1.0,,,,,,,,,,,,,,,,,,,,
207,1,DDP,,IWW,,All,2066,,1.0,,,,,,,,,,,,,,,,,,,,
207,1,DDP,,IWW,,All,2067,,1.0,,,,,,,,,,,,,,,,,,,,
207,1,DDP,,IWW,,All,2068,,1.0,,,,,,,,,,,,,,,,,,,,
207,1,DDP,,IWW,,All,2069,,1.0,,,,,,,,,,,,,,,,,,,,
207,1,DDP,,IWW,,All,2070,,1.0,,,,,,,,,,,,,,,,,,,,
207,1,DDP,,LANDFILL_ELEC,,All,2018,,1.0,,,,,,,,,,,,,,,,,,,,
207,1,DDP,,LANDFILL_ELEC,,All,2019,,1.0,,,,,,,,,,,,,,,,,,,,
207,1,DDP,,LANDFILL_ELEC,,All,2020,,1.0,,,,,,,,,,,,,,,,,,,,
207,1,DDP,,LANDFILL_ELEC,,All,2021,,1.0,,,,,,,,,,,,,,,,,,,,
207,1,DDP,,LANDFILL_ELEC,,All,2022,,1.0,,,,,,,,,,,,,,,,,,,,
207,1,DDP,,LANDFILL_ELEC,,All,2023,,1.0,,,,,,,,,,,,,,,,,,,,
207,1,DDP,,LANDFILL_ELEC,,All,2024,,1.0,,,,,,,,,,,,,,,,,,,,
207,1,DDP,,LANDFILL_ELEC,,All,2025,,1.0,,,,,,,,,,,,,,,,,,,,
207,1,DDP,,LANDFILL_ELEC,,All,2026,,1.0,,,,,,,,,,,,,,,,,,,,
207,1,DDP,,LANDFILL_ELEC,,All,2027,,1.0,,,,,,,,,,,,,,,,,,,,
207,1,DDP,,LANDFILL_ELEC,,All,2028,,1.0,,,,,,,,,,,,,,,,,,,,
207,1,DDP,,LANDFILL_ELEC,,All,2029,,1.0,,,,,,,,,,,,,,,,,,,,
207,1,DDP,,LANDFILL_ELEC,,All,2030,,1.0,,,,,,,,,,,,,,,,,,,,
207,1,DDP,,LANDFILL_ELEC,,All,2031,,1.0,,,,,,,,,,,,,,,,,,,,
207,1,DDP,,LANDFILL_ELEC,,All,2032,,1.0,,,,,,,,,,,,,,,,,,,,
207,1,DDP,,LANDFILL_ELEC,,All,2033,,1.0,,,,,,,,,,,,,,,,,,,,
207,1,DDP,,LANDFILL_ELEC,,All,2034,,1.0,,,,,,,,,,,,,,,,,,,,
207,1,DDP,,LANDFILL_ELEC,,All,2035,,1.0,,,,,,,,,,,,,,,,,,,,
207,1,DDP,,LANDFILL_ELEC,,All,2036,,1.0,,,,,,,,,,,,,,,,,,,,
207,1,DDP,,LANDFILL_ELEC,,All,2037,,1.0,,,,,,,,,,,,,,,,,,,,
207,1,DDP,,LANDFILL_ELEC,,All,2038,,1.0,,,,,,,,,,,,,,,,,,,,
207,1,DDP,,LANDFILL_ELEC,,All,2039,,1.0,,,,,,,,,,,,,,,,,,,,
207,1,DDP,,LANDFILL_ELEC,,All,2040,,1.0,,,,,,,,,,,,,,,,,,,,
207,1,DDP,,LANDFILL_ELEC,,All,2041,,1.0,,,,,,,,,,,,,,,,,,,,
207,1,DDP,,LANDFILL_ELEC,,All,2042,,1.0,,,,,,,,,,,,,,,,,,,,
207,1,DDP,,LANDFILL_ELEC,,All,2043,,1.0,,,,,,,,,,,,,,,,,,,,
207,1,DDP,,LANDFILL_ELEC,,All,2044,,1.0,,,,,,,,,,,,,,,,,,,,
207,1,DDP,,LANDFILL_ELEC,,All,2045,,1.0,,,,,,,,,,,,,,,,,,,,
207,1,DDP,,LANDFILL_ELEC,,All,2046,,1.0,,,,,,,,,,,,,,,,,,,,
207,1,DDP,,LANDFILL_ELEC,,All,2047,,1.0,,,,,,,,,,,,,,,,,,,,
207,1,DDP,,LANDFILL_ELEC,,All,2048,,1.0,,,,,,,,,,,,,,,,,,,,
207,1,DDP,,LANDFILL_ELEC,,All,2049,,1.0,,,,,,,,,,,,,,,,,,,,
207,1,DDP,,LANDFILL_ELEC,,All,2050,,1.0,,,,,,,,,,,,,,,,,,,,
207,1,DDP,,LANDFILL_ELEC,,All,2051,,1.0,,,,,,,,,,,,,,,,,,,,
207,1,DDP,,LANDFILL_ELEC,,All,2052,,1.0,,,,,,,,,,,,,,,,,,,,
207,1,DDP,,LANDFILL_ELEC,,All,2053,,1.0,,,,,,,,,,,,,,,,,,,,
207,1,DDP,,LANDFILL_ELEC,,All,2054,,1.0,,,,,,,,,,,,,,,,,,,,
207,1,DDP,,LANDFILL_ELEC,,All,2055,,1.0,,,,,,,,,,,,,,,,,,,,
207,1,DDP,,LANDFILL_ELEC,,All,2056,,1.0,,,,,,,,,,,,,,,,,,,,
207,1,DDP,,LANDFILL_ELEC,,All,2057,,1.0,,,,,,,,,,,,,,,,,,,,
207,1,DDP,,LANDFILL_ELEC,,All,2058,,1.0,,,,,,,,,,,,,,,,,,,,
207,1,DDP,,LANDFILL_ELEC,,All,2059,,1.0,,,,,,,,,,,,,,,,,,,,
207,1,DDP,,LANDFILL_ELEC,,All,2060,,1.0,,,,,,,,,,,,,,,,,,,,
207,1,DDP,,LANDFILL_ELEC,,All,2061,,1.0,,,,,,,,,,,,,,,,,,,,
207,1,DDP,,LANDFILL_ELEC,,All,2062,,1.0,,,,,,,,,,,,,,,,,,,,
207,1,DDP,,LANDFILL_ELEC,,All,2063,,1.0,,,,,,,,,,,,,,,,,,,,
207,1,DDP,,LANDFILL_ELEC,,All,2064,,1.0,,,,,,,,,,,,,,,,,,,,
207,1,DDP,,LANDFILL_ELEC,,All,2065,,1.0,,,,,,,,,,,,,,,,,,,,
207,1,DDP,,LANDFILL_ELEC,,All,2066,,1.0,,,,,,,,,,,,,,,,,,,,
207,1,DDP,,LANDFILL_ELEC,,All,2067,,1.0,,,,,,,,,,,,,,,,,,,,
207,1,DDP,,LANDFILL_ELEC,,All,2068,,1.0,,,,,,,,,,,,,,,,,,,,
207,1,DDP,,LANDFILL_ELEC,,All,2069,,1.0,,,,,,,,,,,,,,,,,,,,
207,1,DDP,,LANDFILL_ELEC,,All,2070,,1.0,,,,,,,,,,,,,,,,,,,,
207,1,DDP,,OSS_INORG,,All,2018,,1.0,,,,,,,,,,,,,,,,,,,,
207,1,DDP,,OSS_INORG,,All,2019,,1.0,,,,,,,,,,,,,,,,,,,,
207,1,DDP,,OSS_INORG,,All,2020,,1.0,,,,,,,,,,,,,,,,,,,,
207,1,DDP,,OSS_INORG,,All,2021,,1.0,,,,,,,,,,,,,,,,,,,,
207,1,DDP,,OSS_INORG,,All,2022,,1.0,,,,,,,,,,,,,,,,,,,,
207,1,DDP,,OSS_INORG,,All,2023,,1.0,,,,,,,,,,,,,,,,,,,,
207,1,DDP,,OSS_INORG,,All,2024,,1.0,,,,,,,,,,,,,,,,,,,,
207,1,DDP,,OSS_INORG,,All,2025,,1.0,,,,,,,,,,,,,,,,,,,,
207,1,DDP,,OSS_INORG,,All,2026,,1.0,,,,,,,,,,,,,,,,,,,,
207,1,DDP,,OSS_INORG,,All,2027,,1.0,,,,,,,,,,,,,,,,,,,,
207,1,DDP,,OSS_INORG,,All,2028,,1.0,,,,,,,,,,,,,,,,,,,,
207,1,DDP,,OSS_INORG,,All,2029,,1.0,,,,,,,,,,,,,,,,,,,,
207,1,DDP,,OSS_INORG,,All,2030,,1.0,,,,,,,,,,,,,,,,,,,,
207,1,DDP,,OSS_INORG,,All,2031,,1.0,,,,,,,,,,,,,,,,,,,,
207,1,DDP,,OSS_INORG,,All,2032,,1.0,,,,,,,,,,,,,,,,,,,,
207,1,DDP,,OSS_INORG,,All,2033,,1.0,,,,,,,,,,,,,,,,,,,,
207,1,DDP,,OSS_INORG,,All,2034,,1.0,,,,,,,,,,,,,,,,,,,,
207,1,DDP,,OSS_INORG,,All,2035,,1.0,,,,,,,,,,,,,,,,,,,,
207,1,DDP,,OSS_INORG,,All,2036,,1.0,,,,,,,,,,,,,,,,,,,,
207,1,DDP,,OSS_INORG,,All,2037,,1.0,,,,,,,,,,,,,,,,,,,,
207,1,DDP,,OSS_INORG,,All,2038,,1.0,,,,,,,,,,,,,,,,,,,,
207,1,DDP,,OSS_INORG,,All,2039,,1.0,,,,,,,,,,,,,,,,,,,,
207,1,DDP,,OSS_INORG,,All,2040,,1.0,,,,,,,,,,,,,,,,,,,,
207,1,DDP,,OSS_INORG,,All,2041,,1.0,,,,,,,,,,,,,,,,,,,,
207,1,DDP,,OSS_INORG,,All,2042,,1.0,,,,,,,,,,,,,,,,,,,,
207,1,DDP,,OSS_INORG,,All,2043,,1.0,,,,,,,,,,,,,,,,,,,,
207,1,DDP,,OSS_INORG,,All,2044,,1.0,,,,,,,,,,,,,,,,,,,,
207,1,DDP,,OSS_INORG,,All,2045,,1.0,,,,,,,,,,,,,,,,,,,,
207,1,DDP,,OSS_INORG,,All,2046,,1.0,,,,,,,,,,,,,,,,,,,,
207,1,DDP,,OSS_INORG,,All,2047,,1.0,,,,,,,,,,,,,,,,,,,,
207,1,DDP,,OSS_INORG,,All,2048,,1.0,,,,,,,,,,,,,,,,,,,,
207,1,DDP,,OSS_INORG,,All,2049,,1.0,,,,,,,,,,,,,,,,,,,,
207,1,DDP,,OSS_INORG,,All,2050,,1.0,,,,,,,,,,,,,,,,,,,,
207,1,DDP,,OSS_INORG,,All,2051,,1.0,,,,,,,,,,,,,,,,,,,,
207,1,DDP,,OSS_INORG,,All,2052,,1.0,,,,,,,,,,,,,,,,,,,,
207,1,DDP,,OSS_INORG,,All,2053,,1.0,,,,,,,,,,,,,,,,,,,,
207,1,DDP,,OSS_INORG,,All,2054,,1.0,,,,,,,,,,,,,,,,,,,,
207,1,DDP,,OSS_INORG,,All,2055,,1.0,,,,,,,,,,,,,,,,,,,,
207,1,DDP,,OSS_INORG,,All,2056,,1.0,,,,,,,,,,,,,,,,,,,,
207,1,DDP,,OSS_INORG,,All,2057,,1.0,,,,,,,,,,,,,,,,,,,,
207,1,DDP,,OSS_INORG,,All,2058,,1.0,,,,,,,,,,,,,,,,,,,,
207,1,DDP,,OSS_INORG,,All,2059,,1.0,,,,,,,,,,,,,,,,,,,,
207,1,DDP,,OSS_INORG,,All,2060,,1.0,,,,,,,,,,,,,,,,,,,,
207,1,DDP,,OSS_INORG,,All,2061,,1.0,,,,,,,,,,,,,,,,,,,,
207,1,DDP,,OSS_INORG,,All,2062,,1.0,,,,,,,,,,,,,,,,,,,,
207,1,DDP,,OSS_INORG,,All,2063,,1.0,,,,,,,,,,,,,,,,,,,,
207,1,DDP,,OSS_INORG,,All,2064,,1.0,,,,,,,,,,,,,,,,,,,,
207,1,DDP,,OSS_INORG,,All,2065,,1.0,,,,,,,,,,,,,,,,,,,,
207,1,DDP,,OSS_INORG,,All,2066,,1.0,,,,,,,,,,,,,,,,,,,,
207,1,DDP,,OSS_INORG,,All,2067,,1.0,,,,,,,,,,,,,,,,,,,,
207,1,DDP,,OSS_INORG,,All,2068,,1.0,,,,,,,,,,,,,,,,,,,,
207,1,DDP,,OSS_INORG,,All,2069,,1.0,,,,,,,,,,,,,,,,,,,,
207,1,DDP,,OSS_INORG,,All,2070,,1.0,,,,,,,,,,,,,,,,,,,,
207,1,DDP,,OSS_ORG,,All,2018,,1.0,,,,,,,,,,,,,,,,,,,,
207,1,DDP,,OSS_ORG,,All,2019,,1.0,,,,,,,,,,,,,,,,,,,,
207,1,DDP,,OSS_ORG,,All,2020,,1.0,,,,,,,,,,,,,,,,,,,,
207,1,DDP,,OSS_ORG,,All,2021,,1.0,,,,,,,,,,,,,,,,,,,,
207,1,DDP,,OSS_ORG,,All,2022,,1.0,,,,,,,,,,,,,,,,,,,,
207,1,DDP,,OSS_ORG,,All,2023,,1.0,,,,,,,,,,,,,,,,,,,,
207,1,DDP,,OSS_ORG,,All,2024,,1.0,,,,,,,,,,,,,,,,,,,,
207,1,DDP,,OSS_ORG,,All,2025,,1.0,,,,,,,,,,,,,,,,,,,,
207,1,DDP,,OSS_ORG,,All,2026,,1.0,,,,,,,,,,,,,,,,,,,,
207,1,DDP,,OSS_ORG,,All,2027,,1.0,,,,,,,,,,,,,,,,,,,,
207,1,DDP,,OSS_ORG,,All,2028,,1.0,,,,,,,,,,,,,,,,,,,,
207,1,DDP,,OSS_ORG,,All,2029,,1.0,,,,,,,,,,,,,,,,,,,,
207,1,DDP,,OSS_ORG,,All,2030,,1.0,,,,,,,,,,,,,,,,,,,,
207,1,DDP,,OSS_ORG,,All,2031,,1.0,,,,,,,,,,,,,,,,,,,,
207,1,DDP,,OSS_ORG,,All,2032,,1.0,,,,,,,,,,,,,,,,,,,,
207,1,DDP,,OSS_ORG,,All,2033,,1.0,,,,,,,,,,,,,,,,,,,,
207,1,DDP,,OSS_ORG,,All,2034,,1.0,,,,,,,,,,,,,,,,,,,,
207,1,DDP,,OSS_ORG,,All,2035,,1.0,,,,,,,,,,,,,,,,,,,,
207,1,DDP,,OSS_ORG,,All,2036,,1.0,,,,,,,,,,,,,,,,,,,,
207,1,DDP,,OSS_ORG,,All,2037,,1.0,,,,,,,,,,,,,,,,,,,,
207,1,DDP,,OSS_ORG,,All,2038,,1.0,,,,,,,,,,,,,,,,,,,,
207,1,DDP,,OSS_ORG,,All,2039,,1.0,,,,,,,,,,,,,,,,,,,,
207,1,DDP,,OSS_ORG,,All,2040,,1.0,,,,,,,,,,,,,,,,,,,,
207,1,DDP,,OSS_ORG,,All,2041,,1.0,,,,,,,,,,,,,,,,,,,,
207,1,DDP,,OSS_ORG,,All,2042,,1.0,,,,,,,,,,,,,,,,,,,,
207,1,DDP,,OSS_ORG,,All,2043,,1.0,,,,,,,,,,,,,,,,,,,,
207,1,DDP,,OSS_ORG,,All,2044,,1.0,,,,,,,,,,,,,,,,,,,,
207,1,DDP,,OSS_ORG,,All,2045,,1.0,,,,,,,,,,,,,,,,,,,,
207,1,DDP,,OSS_ORG,,All,2046,,1.0,,,,,,,,,,,,,,,,,,,,
207,1,DDP,,OSS_ORG,,All,2047,,1.0,,,,,,,,,,,,,,,,,,,,
207,1,DDP,,OSS_ORG,,All,2048,,1.0,,,,,,,,,,,,,,,,,,,,
207,1,DDP,,OSS_ORG,,All,2049,,1.0,,,,,,,,,,,,,,,,,,,,
207,1,DDP,,OSS_ORG,,All,2050,,1.0,,,,,,,,,,,,,,,,,,,,
207,1,DDP,,OSS_ORG,,All,2051,,1.0,,,,,,,,,,,,,,,,,,,,
207,1,DDP,,OSS_ORG,,All,2052,,1.0,,,,,,,,,,,,,,,,,,,,
207,1,DDP,,OSS_ORG,,All,2053,,1.0,,,,,,,,,,,,,,,,,,,,
207,1,DDP,,OSS_ORG,,All,2054,,1.0,,,,,,,,,,,,,,,,,,,,
207,1,DDP,,OSS_ORG,,All,2055,,1.0,,,,,,,,,,,,,,,,,,,,
207,1,DDP,,OSS_ORG,,All,2056,,1.0,,,,,,,,,,,,,,,,,,,,
207,1,DDP,,OSS_ORG,,All,2057,,1.0,,,,,,,,,,,,,,,,,,,,
207,1,DDP,,OSS_ORG,,All,2058,,1.0,,,,,,,,,,,,,,,,,,,,
207,1,DDP,,OSS_ORG,,All,2059,,1.0,,,,,,,,,,,,,,,,,,,,
207,1,DDP,,OSS_ORG,,All,2060,,1.0,,,,,,,,,,,,,,,,,,,,
207,1,DDP,,OSS_ORG,,All,2061,,1.0,,,,,,,,,,,,,,,,,,,,
207,1,DDP,,OSS_ORG,,All,2062,,1.0,,,,,,,,,,,,,,,,,,,,
207,1,DDP,,OSS_ORG,,All,2063,,1.0,,,,,,,,,,,,,,,,,,,,
207,1,DDP,,OSS_ORG,,All,2064,,1.0,,,,,,,,,,,,,,,,,,,,
207,1,DDP,,OSS_ORG,,All,2065,,1.0,,,,,,,,,,,,,,,,,,,,
207,1,DDP,,OSS_ORG,,All,2066,,1.0,,,,,,,,,,,,,,,,,,,,
207,1,DDP,,OSS_ORG,,All,2067,,1.0,,,,,,,,,,,,,,,,,,,,
207,1,DDP,,OSS_ORG,,All,2068,,1.0,,,,,,,,,,,,,,,,,,,,
207,1,DDP,,OSS_ORG,,All,2069,,1.0,,,,,,,,,,,,,,,,,,,,
207,1,DDP,,OSS_ORG,,All,2070,,1.0,,,,,,,,,,,,,,,,,,,,
207,1,DDP,,NO_OSS_BLEND,,All,2018,,1.0,,,,,,,,,,,,,,,,,,,,
207,1,DDP,,NO_OSS_BLEND,,All,2019,,1.0,,,,,,,,,,,,,,,,,,,,
207,1,DDP,,NO_OSS_BLEND,,All,2020,,1.0,,,,,,,,,,,,,,,,,,,,
207,1,DDP,,NO_OSS_BLEND,,All,2021,,1.0,,,,,,,,,,,,,,,,,,,,
207,1,DDP,,NO_OSS_BLEND,,All,2022,,1.0,,,,,,,,,,,,,,,,,,,,
207,1,DDP,,NO_OSS_BLEND,,All,2023,,1.0,,,,,,,,,,,,,,,,,,,,
207,1,DDP,,NO_OSS_BLEND,,All,2024,,1.0,,,,,,,,,,,,,,,,,,,,
207,1,DDP,,NO_OSS_BLEND,,All,2025,,1.0,,,,,,,,,,,,,,,,,,,,
207,1,DDP,,NO_OSS_BLEND,,All,2026,,1.0,,,,,,,,,,,,,,,,,,,,
207,1,DDP,,NO_OSS_BLEND,,All,2027,,1.0,,,,,,,,,,,,,,,,,,,,
207,1,DDP,,NO_OSS_BLEND,,All,2028,,1.0,,,,,,,,,,,,,,,,,,,,
207,1,DDP,,NO_OSS_BLEND,,All,2029,,1.0,,,,,,,,,,,,,,,,,,,,
207,1,DDP,,NO_OSS_BLEND,,All,2030,,1.0,,,,,,,,,,,,,,,,,,,,
207,1,DDP,,NO_OSS_BLEND,,All,2031,,1.0,,,,,,,,,,,,,,,,,,,,
207,1,DDP,,NO_OSS_BLEND,,All,2032,,1.0,,,,,,,,,,,,,,,,,,,,
207,1,DDP,,NO_OSS_BLEND,,All,2033,,1.0,,,,,,,,,,,,,,,,,,,,
207,1,DDP,,NO_OSS_BLEND,,All,2034,,1.0,,,,,,,,,,,,,,,,,,,,
207,1,DDP,,NO_OSS_BLEND,,All,2035,,1.0,,,,,,,,,,,,,,,,,,,,
207,1,DDP,,NO_OSS_BLEND,,All,2036,,1.0,,,,,,,,,,,,,,,,,,,,
207,1,DDP,,NO_OSS_BLEND,,All,2037,,1.0,,,,,,,,,,,,,,,,,,,,
207,1,DDP,,NO_OSS_BLEND,,All,2038,,1.0,,,,,,,,,,,,,,,,,,,,
207,1,DDP,,NO_OSS_BLEND,,All,2039,,1.0,,,,,,,,,,,,,,,,,,,,
207,1,DDP,,NO_OSS_BLEND,,All,2040,,1.0,,,,,,,,,,,,,,,,,,,,
207,1,DDP,,NO_OSS_BLEND,,All,2041,,1.0,,,,,,,,,,,,,,,,,,,,
207,1,DDP,,NO_OSS_BLEND,,All,2042,,1.0,,,,,,,,,,,,,,,,,,,,
207,1,DDP,,NO_OSS_BLEND,,All,2043,,1.0,,,,,,,,,,,,,,,,,,,,
207,1,DDP,,NO_OSS_BLEND,,All,2044,,1.0,,,,,,,,,,,,,,,,,,,,
207,1,DDP,,NO_OSS_BLEND,,All,2045,,1.0,,,,,,,,,,,,,,,,,,,,
207,1,DDP,,NO_OSS_BLEND,,All,2046,,1.0,,,,,,,,,,,,,,,,,,,,
207,1,DDP,,NO_OSS_BLEND,,All,2047,,1.0,,,,,,,,,,,,,,,,,,,,
207,1,DDP,,NO_OSS_BLEND,,All,2048,,1.0,,,,,,,,,,,,,,,,,,,,
207,1,DDP,,NO_OSS_BLEND,,All,2049,,1.0,,,,,,,,,,,,,,,,,,,,
207,1,DDP,,NO_OSS_BLEND,,All,2050,,1.0,,,,,,,,,,,,,,,,,,,,
207,1,DDP,,NO_OSS_BLEND,,All,2051,,1.0,,,,,,,,,,,,,,,,,,,,
207,1,DDP,,NO_OSS_BLEND,,All,2052,,1.0,,,,,,,,,,,,,,,,,,,,
207,1,DDP,,NO_OSS_BLEND,,All,2053,,1.0,,,,,,,,,,,,,,,,,,,,
207,1,DDP,,NO_OSS_BLEND,,All,2054,,1.0,,,,,,,,,,,,,,,,,,,,
207,1,DDP,,NO_OSS_BLEND,,All,2055,,1.0,,,,,,,,,,,,,,,,,,,,
207,1,DDP,,NO_OSS_BLEND,,All,2056,,1.0,,,,,,,,,,,,,,,,,,,,
207,1,DDP,,NO_OSS_BLEND,,All,2057,,1.0,,,,,,,,,,,,,,,,,,,,
207,1,DDP,,NO_OSS_BLEND,,All,2058,,1.0,,,,,,,,,,,,,,,,,,,,
207,1,DDP,,NO_OSS_BLEND,,All,2059,,1.0,,,,,,,,,,,,,,,,,,,,
207,1,DDP,,NO_OSS_BLEND,,All,2060,,1.0,,,,,,,,,,,,,,,,,,,,
207,1,DDP,,NO_OSS_BLEND,,All,2061,,1.0,,,,,,,,,,,,,,,,,,,,
207,1,DDP,,NO_OSS_BLEND,,All,2062,,1.0,,,,,,,,,,,,,,,,,,,,
207,1,DDP,,NO_OSS_BLEND,,All,2063,,1.0,,,,,,,,,,,,,,,,,,,,
207,1,DDP,,NO_OSS_BLEND,,All,2064,,1.0,,,,,,,,,,,,,,,,,,,,
207,1,DDP,,NO_OSS_BLEND,,All,2065,,1.0,,,,,,,,,,,,,,,,,,,,
207,1,DDP,,NO_OSS_BLEND,,All,2066,,1.0,,,,,,,,,,,,,,,,,,,,
207,1,DDP,,NO_OSS_BLEND,,All,2067,,1.0,,,,,,,,,,,,,,,,,,,,
207,1,DDP,,NO_OSS_BLEND,,All,2068,,1.0,,,,,,,,,,,,,,,,,,,,
207,1,DDP,,NO_OSS_BLEND,,All,2069,,1.0,,,,,,,,,,,,,,,,,,,,
207,1,DDP,,NO_OSS_BLEND,,All,2070,,1.0,,,,,,,,,,,,,,,,,,,,
207,1,DDP,,INORG_DCOLL,,All,2018,,1.0,,,,,,,,,,,,,,,,,,,,
207,1,DDP,,INORG_DCOLL,,All,2019,,1.0,,,,,,,,,,,,,,,,,,,,
207,1,DDP,,INORG_DCOLL,,All,2020,,1.0,,,,,,,,,,,,,,,,,,,,
207,1,DDP,,INORG_DCOLL,,All,2021,,1.0,,,,,,,,,,,,,,,,,,,,
207,1,DDP,,INORG_DCOLL,,All,2022,,1.0,,,,,,,,,,,,,,,,,,,,
207,1,DDP,,INORG_DCOLL,,All,2023,,1.0,,,,,,,,,,,,,,,,,,,,
207,1,DDP,,INORG_DCOLL,,All,2024,,1.0,,,,,,,,,,,,,,,,,,,,
207,1,DDP,,INORG_DCOLL,,All,2025,,1.0,,,,,,,,,,,,,,,,,,,,
207,1,DDP,,INORG_DCOLL,,All,2026,,1.0,,,,,,,,,,,,,,,,,,,,
207,1,DDP,,INORG_DCOLL,,All,2027,,1.0,,,,,,,,,,,,,,,,,,,,
207,1,DDP,,INORG_DCOLL,,All,2028,,1.0,,,,,,,,,,,,,,,,,,,,
207,1,DDP,,INORG_DCOLL,,All,2029,,1.0,,,,,,,,,,,,,,,,,,,,
207,1,DDP,,INORG_DCOLL,,All,2030,,1.0,,,,,,,,,,,,,,,,,,,,
207,1,DDP,,INORG_DCOLL,,All,2031,,1.0,,,,,,,,,,,,,,,,,,,,
207,1,DDP,,INORG_DCOLL,,All,2032,,1.0,,,,,,,,,,,,,,,,,,,,
207,1,DDP,,INORG_DCOLL,,All,2033,,1.0,,,,,,,,,,,,,,,,,,,,
207,1,DDP,,INORG_DCOLL,,All,2034,,1.0,,,,,,,,,,,,,,,,,,,,
207,1,DDP,,INORG_DCOLL,,All,2035,,1.0,,,,,,,,,,,,,,,,,,,,
207,1,DDP,,INORG_DCOLL,,All,2036,,1.0,,,,,,,,,,,,,,,,,,,,
207,1,DDP,,INORG_DCOLL,,All,2037,,1.0,,,,,,,,,,,,,,,,,,,,
207,1,DDP,,INORG_DCOLL,,All,2038,,1.0,,,,,,,,,,,,,,,,,,,,
207,1,DDP,,INORG_DCOLL,,All,2039,,1.0,,,,,,,,,,,,,,,,,,,,
207,1,DDP,,INORG_DCOLL,,All,2040,,1.0,,,,,,,,,,,,,,,,,,,,
207,1,DDP,,INORG_DCOLL,,All,2041,,1.0,,,,,,,,,,,,,,,,,,,,
207,1,DDP,,INORG_DCOLL,,All,2042,,1.0,,,,,,,,,,,,,,,,,,,,
207,1,DDP,,INORG_DCOLL,,All,2043,,1.0,,,,,,,,,,,,,,,,,,,,
207,1,DDP,,INORG_DCOLL,,All,2044,,1.0,,,,,,,,,,,,,,,,,,,,
207,1,DDP,,INORG_DCOLL,,All,2045,,1.0,,,,,,,,,,,,,,,,,,,,
207,1,DDP,,INORG_DCOLL,,All,2046,,1.0,,,,,,,,,,,,,,,,,,,,
207,1,DDP,,INORG_DCOLL,,All,2047,,1.0,,,,,,,,,,,,,,,,,,,,
207,1,DDP,,INORG_DCOLL,,All,2048,,1.0,,,,,,,,,,,,,,,,,,,,
207,1,DDP,,INORG_DCOLL,,All,2049,,1.0,,,,,,,,,,,,,,,,,,,,
207,1,DDP,,INORG_DCOLL,,All,2050,,1.0,,,,,,,,,,,,,,,,,,,,
207,1,DDP,,INORG_DCOLL,,All,2051,,1.0,,,,,,,,,,,,,,,,,,,,
207,1,DDP,,INORG_DCOLL,,All,2052,,1.0,,,,,,,,,,,,,,,,,,,,
207,1,DDP,,INORG_DCOLL,,All,2053,,1.0,,,,,,,,,,,,,,,,,,,,
207,1,DDP,,INORG_DCOLL,,All,2054,,1.0,,,,,,,,,,,,,,,,,,,,
207,1,DDP,,INORG_DCOLL,,All,2055,,1.0,,,,,,,,,,,,,,,,,,,,
207,1,DDP,,INORG_DCOLL,,All,2056,,1.0,,,,,,,,,,,,,,,,,,,,
207,1,DDP,,INORG_DCOLL,,All,2057,,1.0,,,,,,,,,,,,,,,,,,,,
207,1,DDP,,INORG_DCOLL,,All,2058,,1.0,,,,,,,,,,,,,,,,,,,,
207,1,DDP,,INORG_DCOLL,,All,2059,,1.0,,,,,,,,,,,,,,,,,,,,
207,1,DDP,,INORG_DCOLL,,All,2060,,1.0,,,,,,,,,,,,,,,,,,,,
207,1,DDP,,INORG_DCOLL,,All,2061,,1.0,,,,,,,,,,,,,,,,,,,,
207,1,DDP,,INORG_DCOLL,,All,2062,,1.0,,,,,,,,,,,,,,,,,,,,
207,1,DDP,,INORG_DCOLL,,All,2063,,1.0,,,,,,,,,,,,,,,,,,,,
207,1,DDP,,INORG_DCOLL,,All,2064,,1.0,,,,,,,,,,,,,,,,,,,,
207,1,DDP,,INORG_DCOLL,,All,2065,,1.0,,,,,,,,,,,,,,,,,,,,
207,1,DDP,,INORG_DCOLL,,All,2066,,1.0,,,,,,,,,,,,,,,,,,,,
207,1,DDP,,INORG_DCOLL,,All,2067,,1.0,,,,,,,,,,,,,,,,,,,,
207,1,DDP,,INORG_DCOLL,,All,2068,,1.0,,,,,,,,,,,,,,,,,,,,
207,1,DDP,,INORG_DCOLL,,All,2069,,1.0,,,,,,,,,,,,,,,,,,,,
207,1,DDP,,INORG_DCOLL,,All,2070,,1.0,,,,,,,,,,,,,,,,,,,,
207,1,DDP,,ORG_DCOLL,,All,2018,,1.0,,,,,,,,,,,,,,,,,,,,
207,1,DDP,,ORG_DCOLL,,All,2019,,1.0,,,,,,,,,,,,,,,,,,,,
207,1,DDP,,ORG_DCOLL,,All,2020,,1.0,,,,,,,,,,,,,,,,,,,,
207,1,DDP,,ORG_DCOLL,,All,2021,,1.0,,,,,,,,,,,,,,,,,,,,
207,1,DDP,,ORG_DCOLL,,All,2022,,1.0,,,,,,,,,,,,,,,,,,,,
207,1,DDP,,ORG_DCOLL,,All,2023,,1.0,,,,,,,,,,,,,,,,,,,,
207,1,DDP,,ORG_DCOLL,,All,2024,,1.0,,,,,,,,,,,,,,,,,,,,
207,1,DDP,,ORG_DCOLL,,All,2025,,1.0,,,,,,,,,,,,,,,,,,,,
207,1,DDP,,ORG_DCOLL,,All,2026,,1.0,,,,,,,,,,,,,,,,,,,,
207,1,DDP,,ORG_DCOLL,,All,2027,,1.0,,,,,,,,,,,,,,,,,,,,
207,1,DDP,,ORG_DCOLL,,All,2028,,1.0,,,,,,,,,,,,,,,,,,,,
207,1,DDP,,ORG_DCOLL,,All,2029,,1.0,,,,,,,,,,,,,,,,,,,,
207,1,DDP,,ORG_DCOLL,,All,2030,,1.0,,,,,,,,,,,,,,,,,,,,
207,1,DDP,,ORG_DCOLL,,All,2031,,1.0,,,,,,,,,,,,,,,,,,,,
207,1,DDP,,ORG_DCOLL,,All,2032,,1.0,,,,,,,,,,,,,,,,,,,,
207,1,DDP,,ORG_DCOLL,,All,2033,,1.0,,,,,,,,,,,,,,,,,,,,
207,1,DDP,,ORG_DCOLL,,All,2034,,1.0,,,,,,,,,,,,,,,,,,,,
207,1,DDP,,ORG_DCOLL,,All,2035,,1.0,,,,,,,,,,,,,,,,,,,,
207,1,DDP,,ORG_DCOLL,,All,2036,,1.0,,,,,,,,,,,,,,,,,,,,
207,1,DDP,,ORG_DCOLL,,All,2037,,1.0,,,,,,,,,,,,,,,,,,,,
207,1,DDP,,ORG_DCOLL,,All,2038,,1.0,,,,,,,,,,,,,,,,,,,,
207,1,DDP,,ORG_DCOLL,,All,2039,,1.0,,,,,,,,,,,,,,,,,,,,
207,1,DDP,,ORG_DCOLL,,All,2040,,1.0,,,,,,,,,,,,,,,,,,,,
207,1,DDP,,ORG_DCOLL,,All,2041,,1.0,,,,,,,,,,,,,,,,,,,,
207,1,DDP,,ORG_DCOLL,,All,2042,,1.0,,,,,,,,,,,,,,,,,,,,
207,1,DDP,,ORG_DCOLL,,All,2043,,1.0,,,,,,,,,,,,,,,,,,,,
207,1,DDP,,ORG_DCOLL,,All,2044,,1.0,,,,,,,,,,,,,,,,,,,,
207,1,DDP,,ORG_DCOLL,,All,2045,,1.0,,,,,,,,,,,,,,,,,,,,
207,1,DDP,,ORG_DCOLL,,All,2046,,1.0,,,,,,,,,,,,,,,,,,,,
207,1,DDP,,ORG_DCOLL,,All,2047,,1.0,,,,,,,,,,,,,,,,,,,,
207,1,DDP,,ORG_DCOLL,,All,2048,,1.0,,,,,,,,,,,,,,,,,,,,
207,1,DDP,,ORG_DCOLL,,All,2049,,1.0,,,,,,,,,,,,,,,,,,,,
207,1,DDP,,ORG_DCOLL,,All,2050,,1.0,,,,,,,,,,,,,,,,,,,,
207,1,DDP,,ORG_DCOLL,,All,2051,,1.0,,,,,,,,,,,,,,,,,,,,
207,1,DDP,,ORG_DCOLL,,All,2052,,1.0,,,,,,,,,,,,,,,,,,,,
207,1,DDP,,ORG_DCOLL,,All,2053,,1.0,,,,,,,,,,,,,,,,,,,,
207,1,DDP,,ORG_DCOLL,,All,2054,,1.0,,,,,,,,,,,,,,,,,,,,
207,1,DDP,,ORG_DCOLL,,All,2055,,1.0,,,,,,,,,,,,,,,,,,,,
207,1,DDP,,ORG_DCOLL,,All,2056,,1.0,,,,,,,,,,,,,,,,,,,,
207,1,DDP,,ORG_DCOLL,,All,2057,,1.0,,,,,,,,,,,,,,,,,,,,
207,1,DDP,,ORG_DCOLL,,All,2058,,1.0,,,,,,,,,,,,,,,,,,,,
207,1,DDP,,ORG_DCOLL,,All,2059,,1.0,,,,,,,,,,,,,,,,,,,,
207,1,DDP,,ORG_DCOLL,,All,2060,,1.0,,,,,,,,,,,,,,,,,,,,
207,1,DDP,,ORG_DCOLL,,All,2061,,1.0,,,,,,,,,,,,,,,,,,,,
207,1,DDP,,ORG_DCOLL,,All,2062,,1.0,,,,,,,,,,,,,,,,,,,,
207,1,DDP,,ORG_DCOLL,,All,2063,,1.0,,,,,,,,,,,,,,,,,,,,
207,1,DDP,,ORG_DCOLL,,All,2064,,1.0,,,,,,,,,,,,,,,,,,,,
207,1,DDP,,ORG_DCOLL,,All,2065,,1.0,,,,,,,,,,,,,,,,,,,,
207,1,DDP,,ORG_DCOLL,,All,2066,,1.0,,,,,,,,,,,,,,,,,,,,
207,1,DDP,,ORG_DCOLL,,All,2067,,1.0,,,,,,,,,,,,,,,,,,,,
207,1,DDP,,ORG_DCOLL,,All,2068,,1.0,,,,,,,,,,,,,,,,,,,,
207,1,DDP,,ORG_DCOLL,,All,2069,,1.0,,,,,,,,,,,,,,,,,,,,
207,1,DDP,,ORG_DCOLL,,All,2070,,1.0,,,,,,,,,,,,,,,,,,,,
207,1,DDP,,BLEND_NO_DCOLL,,All,2018,,1.0,,,,,,,,,,,,,,,,,,,,
207,1,DDP,,BLEND_NO_DCOLL,,All,2019,,1.0,,,,,,,,,,,,,,,,,,,,
207,1,DDP,,BLEND_NO_DCOLL,,All,2020,,1.0,,,,,,,,,,,,,,,,,,,,
207,1,DDP,,BLEND_NO_DCOLL,,All,2021,,1.0,,,,,,,,,,,,,,,,,,,,
207,1,DDP,,BLEND_NO_DCOLL,,All,2022,,1.0,,,,,,,,,,,,,,,,,,,,
207,1,DDP,,BLEND_NO_DCOLL,,All,2023,,1.0,,,,,,,,,,,,,,,,,,,,
207,1,DDP,,BLEND_NO_DCOLL,,All,2024,,1.0,,,,,,,,,,,,,,,,,,,,
207,1,DDP,,BLEND_NO_DCOLL,,All,2025,,1.0,,,,,,,,,,,,,,,,,,,,
207,1,DDP,,BLEND_NO_DCOLL,,All,2026,,1.0,,,,,,,,,,,,,,,,,,,,
207,1,DDP,,BLEND_NO_DCOLL,,All,2027,,1.0,,,,,,,,,,,,,,,,,,,,
207,1,DDP,,BLEND_NO_DCOLL,,All,2028,,1.0,,,,,,,,,,,,,,,,,,,,
207,1,DDP,,BLEND_NO_DCOLL,,All,2029,,1.0,,,,,,,,,,,,,,,,,,,,
207,1,DDP,,BLEND_NO_DCOLL,,All,2030,,1.0,,,,,,,,,,,,,,,,,,,,
207,1,DDP,,BLEND_NO_DCOLL,,All,2031,,1.0,,,,,,,,,,,,,,,,,,,,
207,1,DDP,,BLEND_NO_DCOLL,,All,2032,,1.0,,,,,,,,,,,,,,,,,,,,
207,1,DDP,,BLEND_NO_DCOLL,,All,2033,,1.0,,,,,,,,,,,,,,,,,,,,
207,1,DDP,,BLEND_NO_DCOLL,,All,2034,,1.0,,,,,,,,,,,,,,,,,,,,
207,1,DDP,,BLEND_NO_DCOLL,,All,2035,,1.0,,,,,,,,,,,,,,,,,,,,
207,1,DDP,,BLEND_NO_DCOLL,,All,2036,,1.0,,,,,,,,,,,,,,,,,,,,
207,1,DDP,,BLEND_NO_DCOLL,,All,2037,,1.0,,,,,,,,,,,,,,,,,,,,
207,1,DDP,,BLEND_NO_DCOLL,,All,2038,,1.0,,,,,,,,,,,,,,,,,,,,
207,1,DDP,,BLEND_NO_DCOLL,,All,2039,,1.0,,,,,,,,,,,,,,,,,,,,
207,1,DDP,,BLEND_NO_DCOLL,,All,2040,,1.0,,,,,,,,,,,,,,,,,,,,
207,1,DDP,,BLEND_NO_DCOLL,,All,2041,,1.0,,,,,,,,,,,,,,,,,,,,
207,1,DDP,,BLEND_NO_DCOLL,,All,2042,,1.0,,,,,,,,,,,,,,,,,,,,
207,1,DDP,,BLEND_NO_DCOLL,,All,2043,,1.0,,,,,,,,,,,,,,,,,,,,
207,1,DDP,,BLEND_NO_DCOLL,,All,2044,,1.0,,,,,,,,,,,,,,,,,,,,
207,1,DDP,,BLEND_NO_DCOLL,,All,2045,,1.0,,,,,,,,,,,,,,,,,,,,
207,1,DDP,,BLEND_NO_DCOLL,,All,2046,,1.0,,,,,,,,,,,,,,,,,,,,
207,1,DDP,,BLEND_NO_DCOLL,,All,2047,,1.0,,,,,,,,,,,,,,,,,,,,
207,1,DDP,,BLEND_NO_DCOLL,,All,2048,,1.0,,,,,,,,,,,,,,,,,,,,
207,1,DDP,,BLEND_NO_DCOLL,,All,2049,,1.0,,,,,,,,,,,,,,,,,,,,
207,1,DDP,,BLEND_NO_DCOLL,,All,2050,,1.0,,,,,,,,,,,,,,,,,,,,
207,1,DDP,,BLEND_NO_DCOLL,,All,2051,,1.0,,,,,,,,,,,,,,,,,,,,
207,1,DDP,,BLEND_NO_DCOLL,,All,2052,,1.0,,,,,,,,,,,,,,,,,,,,
207,1,DDP,,BLEND_NO_DCOLL,,All,2053,,1.0,,,,,,,,,,,,,,,,,,,,
207,1,DDP,,BLEND_NO_DCOLL,,All,2054,,1.0,,,,,,,,,,,,,,,,,,,,
207,1,DDP,,BLEND_NO_DCOLL,,All,2055,,1.0,,,,,,,,,,,,,,,,,,,,
207,1,DDP,,BLEND_NO_DCOLL,,All,2056,,1.0,,,,,,,,,,,,,,,,,,,,
207,1,DDP,,BLEND_NO_DCOLL,,All,2057,,1.0,,,,,,,,,,,,,,,,,,,,
207,1,DDP,,BLEND_NO_DCOLL,,All,2058,,1.0,,,,,,,,,,,,,,,,,,,,
207,1,DDP,,BLEND_NO_DCOLL,,All,2059,,1.0,,,,,,,,,,,,,,,,,,,,
207,1,DDP,,BLEND_NO_DCOLL,,All,2060,,1.0,,,,,,,,,,,,,,,,,,,,
207,1,DDP,,BLEND_NO_DCOLL,,All,2061,,1.0,,,,,,,,,,,,,,,,,,,,
207,1,DDP,,BLEND_NO_DCOLL,,All,2062,,1.0,,,,,,,,,,,,,,,,,,,,
207,1,DDP,,BLEND_NO_DCOLL,,All,2063,,1.0,,,,,,,,,,,,,,,,,,,,
207,1,DDP,,BLEND_NO_DCOLL,,All,2064,,1.0,,,,,,,,,,,,,,,,,,,,
207,1,DDP,,BLEND_NO_DCOLL,,All,2065,,1.0,,,,,,,,,,,,,,,,,,,,
207,1,DDP,,BLEND_NO_DCOLL,,All,2066,,1.0,,,,,,,,,,,,,,,,,,,,
207,1,DDP,,BLEND_NO_DCOLL,,All,2067,,1.0,,,,,,,,,,,,,,,,,,,,
207,1,DDP,,BLEND_NO_DCOLL,,All,2068,,1.0,,,,,,,,,,,,,,,,,,,,
207,1,DDP,,BLEND_NO_DCOLL,,All,2069,,1.0,,,,,,,,,,,,,,,,,,,,
207,1,DDP,,BLEND_NO_DCOLL,,All,2070,,1.0,,,,,,,,,,,,,,,,,,,,
207,1,DDP,,INORG_SS,,All,2018,,1.0,,,,,,,,,,,,,,,,,,,,
207,1,DDP,,INORG_SS,,All,2019,,1.0,,,,,,,,,,,,,,,,,,,,
207,1,DDP,,INORG_SS,,All,2020,,1.0,,,,,,,,,,,,,,,,,,,,
207,1,DDP,,INORG_SS,,All,2021,,1.0,,,,,,,,,,,,,,,,,,,,
207,1,DDP,,INORG_SS,,All,2022,,1.0,,,,,,,,,,,,,,,,,,,,
207,1,DDP,,INORG_SS,,All,2023,,1.0,,,,,,,,,,,,,,,,,,,,
207,1,DDP,,INORG_SS,,All,2024,,1.0,,,,,,,,,,,,,,,,,,,,
207,1,DDP,,INORG_SS,,All,2025,,1.0,,,,,,,,,,,,,,,,,,,,
207,1,DDP,,INORG_SS,,All,2026,,1.0,,,,,,,,,,,,,,,,,,,,
207,1,DDP,,INORG_SS,,All,2027,,1.0,,,,,,,,,,,,,,,,,,,,
207,1,DDP,,INORG_SS,,All,2028,,1.0,,,,,,,,,,,,,,,,,,,,
207,1,DDP,,INORG_SS,,All,2029,,1.0,,,,,,,,,,,,,,,,,,,,
207,1,DDP,,INORG_SS,,All,2030,,1.0,,,,,,,,,,,,,,,,,,,,
207,1,DDP,,INORG_SS,,All,2031,,1.0,,,,,,,,,,,,,,,,,,,,
207,1,DDP,,INORG_SS,,All,2032,,1.0,,,,,,,,,,,,,,,,,,,,
207,1,DDP,,INORG_SS,,All,2033,,1.0,,,,,,,,,,,,,,,,,,,,
207,1,DDP,,INORG_SS,,All,2034,,1.0,,,,,,,,,,,,,,,,,,,,
207,1,DDP,,INORG_SS,,All,2035,,1.0,,,,,,,,,,,,,,,,,,,,
207,1,DDP,,INORG_SS,,All,2036,,1.0,,,,,,,,,,,,,,,,,,,,
207,1,DDP,,INORG_SS,,All,2037,,1.0,,,,,,,,,,,,,,,,,,,,
207,1,DDP,,INORG_SS,,All,2038,,1.0,,,,,,,,,,,,,,,,,,,,
207,1,DDP,,INORG_SS,,All,2039,,1.0,,,,,,,,,,,,,,,,,,,,
207,1,DDP,,INORG_SS,,All,2040,,1.0,,,,,,,,,,,,,,,,,,,,
207,1,DDP,,INORG_SS,,All,2041,,1.0,,,,,,,,,,,,,,,,,,,,
207,1,DDP,,INORG_SS,,All,2042,,1.0,,,,,,,,,,,,,,,,,,,,
207,1,DDP,,INORG_SS,,All,2043,,1.0,,,,,,,,,,,,,,,,,,,,
207,1,DDP,,INORG_SS,,All,2044,,1.0,,,,,,,,,,,,,,,,,,,,
207,1,DDP,,INORG_SS,,All,2045,,1.0,,,,,,,,,,,,,,,,,,,,
207,1,DDP,,INORG_SS,,All,2046,,1.0,,,,,,,,,,,,,,,,,,,,
207,1,DDP,,INORG_SS,,All,2047,,1.0,,,,,,,,,,,,,,,,,,,,
207,1,DDP,,INORG_SS,,All,2048,,1.0,,,,,,,,,,,,,,,,,,,,
207,1,DDP,,INORG_SS,,All,2049,,1.0,,,,,,,,,,,,,,,,,,,,
207,1,DDP,,INORG_SS,,All,2050,,1.0,,,,,,,,,,,,,,,,,,,,
207,1,DDP,,INORG_SS,,All,2051,,1.0,,,,,,,,,,,,,,,,,,,,
207,1,DDP,,INORG_SS,,All,2052,,1.0,,,,,,,,,,,,,,,,,,,,
207,1,DDP,,INORG_SS,,All,2053,,1.0,,,,,,,,,,,,,,,,,,,,
207,1,DDP,,INORG_SS,,All,2054,,1.0,,,,,,,,,,,,,,,,,,,,
207,1,DDP,,INORG_SS,,All,2055,,1.0,,,,,,,,,,,,,,,,,,,,
207,1,DDP,,INORG_SS,,All,2056,,1.0,,,,,,,,,,,,,,,,,,,,
207,1,DDP,,INORG_SS,,All,2057,,1.0,,,,,,,,,,,,,,,,,,,,
207,1,DDP,,INORG_SS,,All,2058,,1.0,,,,,,,,,,,,,,,,,,,,
207,1,DDP,,INORG_SS,,All,2059,,1.0,,,,,,,,,,,,,,,,,,,,
207,1,DDP,,INORG_SS,,All,2060,,1.0,,,,,,,,,,,,,,,,,,,,
207,1,DDP,,INORG_SS,,All,2061,,1.0,,,,,,,,,,,,,,,,,,,,
207,1,DDP,,INORG_SS,,All,2062,,1.0,,,,,,,,,,,,,,,,,,,,
207,1,DDP,,INORG_SS,,All,2063,,1.0,,,,,,,,,,,,,,,,,,,,
207,1,DDP,,INORG_SS,,All,2064,,1.0,,,,,,,,,,,,,,,,,,,,
207,1,DDP,,INORG_SS,,All,2065,,1.0,,,,,,,,,,,,,,,,,,,,
207,1,DDP,,INORG_SS,,All,2066,,1.0,,,,,,,,,,,,,,,,,,,,
207,1,DDP,,INORG_SS,,All,2067,,1.0,,,,,,,,,,,,,,,,,,,,
207,1,DDP,,INORG_SS,,All,2068,,1.0,,,,,,,,,,,,,,,,,,,,
207,1,DDP,,INORG_SS,,All,2069,,1.0,,,,,,,,,,,,,,,,,,,,
207,1,DDP,,INORG_SS,,All,2070,,1.0,,,,,,,,,,,,,,,,,,,,
207,1,DDP,,ORG_SS,,All,2018,,1.0,,,,,,,,,,,,,,,,,,,,
207,1,DDP,,ORG_SS,,All,2019,,1.0,,,,,,,,,,,,,,,,,,,,
207,1,DDP,,ORG_SS,,All,2020,,1.0,,,,,,,,,,,,,,,,,,,,
207,1,DDP,,ORG_SS,,All,2021,,1.0,,,,,,,,,,,,,,,,,,,,
207,1,DDP,,ORG_SS,,All,2022,,1.0,,,,,,,,,,,,,,,,,,,,
207,1,DDP,,ORG_SS,,All,2023,,1.0,,,,,,,,,,,,,,,,,,,,
207,1,DDP,,ORG_SS,,All,2024,,1.0,,,,,,,,,,,,,,,,,,,,
207,1,DDP,,ORG_SS,,All,2025,,1.0,,,,,,,,,,,,,,,,,,,,
207,1,DDP,,ORG_SS,,All,2026,,1.0,,,,,,,,,,,,,,,,,,,,
207,1,DDP,,ORG_SS,,All,2027,,1.0,,,,,,,,,,,,,,,,,,,,
207,1,DDP,,ORG_SS,,All,2028,,1.0,,,,,,,,,,,,,,,,,,,,
207,1,DDP,,ORG_SS,,All,2029,,1.0,,,,,,,,,,,,,,,,,,,,
207,1,DDP,,ORG_SS,,All,2030,,1.0,,,,,,,,,,,,,,,,,,,,
207,1,DDP,,ORG_SS,,All,2031,,1.0,,,,,,,,,,,,,,,,,,,,
207,1,DDP,,ORG_SS,,All,2032,,1.0,,,,,,,,,,,,,,,,,,,,
207,1,DDP,,ORG_SS,,All,2033,,1.0,,,,,,,,,,,,,,,,,,,,
207,1,DDP,,ORG_SS,,All,2034,,1.0,,,,,,,,,,,,,,,,,,,,
207,1,DDP,,ORG_SS,,All,2035,,1.0,,,,,,,,,,,,,,,,,,,,
207,1,DDP,,ORG_SS,,All,2036,,1.0,,,,,,,,,,,,,,,,,,,,
207,1,DDP,,ORG_SS,,All,2037,,1.0,,,,,,,,,,,,,,,,,,,,
207,1,DDP,,ORG_SS,,All,2038,,1.0,,,,,,,,,,,,,,,,,,,,
207,1,DDP,,ORG_SS,,All,2039,,1.0,,,,,,,,,,,,,,,,,,,,
207,1,DDP,,ORG_SS,,All,2040,,1.0,,,,,,,,,,,,,,,,,,,,
207,1,DDP,,ORG_SS,,All,2041,,1.0,,,,,,,,,,,,,,,,,,,,
207,1,DDP,,ORG_SS,,All,2042,,1.0,,,,,,,,,,,,,,,,,,,,
207,1,DDP,,ORG_SS,,All,2043,,1.0,,,,,,,,,,,,,,,,,,,,
207,1,DDP,,ORG_SS,,All,2044,,1.0,,,,,,,,,,,,,,,,,,,,
207,1,DDP,,ORG_SS,,All,2045,,1.0,,,,,,,,,,,,,,,,,,,,
207,1,DDP,,ORG_SS,,All,2046,,1.0,,,,,,,,,,,,,,,,,,,,
207,1,DDP,,ORG_SS,,All,2047,,1.0,,,,,,,,,,,,,,,,,,,,
207,1,DDP,,ORG_SS,,All,2048,,1.0,,,,,,,,,,,,,,,,,,,,
207,1,DDP,,ORG_SS,,All,2049,,1.0,,,,,,,,,,,,,,,,,,,,
207,1,DDP,,ORG_SS,,All,2050,,1.0,,,,,,,,,,,,,,,,,,,,
207,1,DDP,,ORG_SS,,All,2051,,1.0,,,,,,,,,,,,,,,,,,,,
207,1,DDP,,ORG_SS,,All,2052,,1.0,,,,,,,,,,,,,,,,,,,,
207,1,DDP,,ORG_SS,,All,2053,,1.0,,,,,,,,,,,,,,,,,,,,
207,1,DDP,,ORG_SS,,All,2054,,1.0,,,,,,,,,,,,,,,,,,,,
207,1,DDP,,ORG_SS,,All,2055,,1.0,,,,,,,,,,,,,,,,,,,,
207,1,DDP,,ORG_SS,,All,2056,,1.0,,,,,,,,,,,,,,,,,,,,
207,1,DDP,,ORG_SS,,All,2057,,1.0,,,,,,,,,,,,,,,,,,,,
207,1,DDP,,ORG_SS,,All,2058,,1.0,,,,,,,,,,,,,,,,,,,,
207,1,DDP,,ORG_SS,,All,2059,,1.0,,,,,,,,,,,,,,,,,,,,
207,1,DDP,,ORG_SS,,All,2060,,1.0,,,,,,,,,,,,,,,,,,,,
207,1,DDP,,ORG_SS,,All,2061,,1.0,,,,,,,,,,,,,,,,,,,,
207,1,DDP,,ORG_SS,,All,2062,,1.0,,,,,,,,,,,,,,,,,,,,
207,1,DDP,,ORG_SS,,All,2063,,1.0,,,,,,,,,,,,,,,,,,,,
207,1,DDP,,ORG_SS,,All,2064,,1.0,,,,,,,,,,,,,,,,,,,,
207,1,DDP,,ORG_SS,,All,2065,,1.0,,,,,,,,,,,,,,,,,,,,
207,1,DDP,,ORG_SS,,All,2066,,1.0,,,,,,,,,,,,,,,,,,,,
207,1,DDP,,ORG_SS,,All,2067,,1.0,,,,,,,,,,,,,,,,,,,,
207,1,DDP,,ORG_SS,,All,2068,,1.0,,,,,,,,,,,,,,,,,,,,
207,1,DDP,,ORG_SS,,All,2069,,1.0,,,,,,,,,,,,,,,,,,,,
207,1,DDP,,ORG_SS,,All,2070,,1.0,,,,,,,,,,,,,,,,,,,,
207,1,DDP,,NO_SS,,All,2018,,1.0,,,,,,,,,,,,,,,,,,,,
207,1,DDP,,NO_SS,,All,2019,,1.0,,,,,,,,,,,,,,,,,,,,
207,1,DDP,,NO_SS,,All,2020,,1.0,,,,,,,,,,,,,,,,,,,,
207,1,DDP,,NO_SS,,All,2021,,1.0,,,,,,,,,,,,,,,,,,,,
207,1,DDP,,NO_SS,,All,2022,,1.0,,,,,,,,,,,,,,,,,,,,
207,1,DDP,,NO_SS,,All,2023,,1.0,,,,,,,,,,,,,,,,,,,,
207,1,DDP,,NO_SS,,All,2024,,1.0,,,,,,,,,,,,,,,,,,,,
207,1,DDP,,NO_SS,,All,2025,,1.0,,,,,,,,,,,,,,,,,,,,
207,1,DDP,,NO_SS,,All,2026,,1.0,,,,,,,,,,,,,,,,,,,,
207,1,DDP,,NO_SS,,All,2027,,1.0,,,,,,,,,,,,,,,,,,,,
207,1,DDP,,NO_SS,,All,2028,,1.0,,,,,,,,,,,,,,,,,,,,
207,1,DDP,,NO_SS,,All,2029,,1.0,,,,,,,,,,,,,,,,,,,,
207,1,DDP,,NO_SS,,All,2030,,1.0,,,,,,,,,,,,,,,,,,,,
207,1,DDP,,NO_SS,,All,2031,,1.0,,,,,,,,,,,,,,,,,,,,
207,1,DDP,,NO_SS,,All,2032,,1.0,,,,,,,,,,,,,,,,,,,,
207,1,DDP,,NO_SS,,All,2033,,1.0,,,,,,,,,,,,,,,,,,,,
207,1,DDP,,NO_SS,,All,2034,,1.0,,,,,,,,,,,,,,,,,,,,
207,1,DDP,,NO_SS,,All,2035,,1.0,,,,,,,,,,,,,,,,,,,,
207,1,DDP,,NO_SS,,All,2036,,1.0,,,,,,,,,,,,,,,,,,,,
207,1,DDP,,NO_SS,,All,2037,,1.0,,,,,,,,,,,,,,,,,,,,
207,1,DDP,,NO_SS,,All,2038,,1.0,,,,,,,,,,,,,,,,,,,,
207,1,DDP,,NO_SS,,All,2039,,1.0,,,,,,,,,,,,,,,,,,,,
207,1,DDP,,NO_SS,,All,2040,,1.0,,,,,,,,,,,,,,,,,,,,
207,1,DDP,,NO_SS,,All,2041,,1.0,,,,,,,,,,,,,,,,,,,,
207,1,DDP,,NO_SS,,All,2042,,1.0,,,,,,,,,,,,,,,,,,,,
207,1,DDP,,NO_SS,,All,2043,,1.0,,,,,,,,,,,,,,,,,,,,
207,1,DDP,,NO_SS,,All,2044,,1.0,,,,,,,,,,,,,,,,,,,,
207,1,DDP,,NO_SS,,All,2045,,1.0,,,,,,,,,,,,,,,,,,,,
207,1,DDP,,NO_SS,,All,2046,,1.0,,,,,,,,,,,,,,,,,,,,
207,1,DDP,,NO_SS,,All,2047,,1.0,,,,,,,,,,,,,,,,,,,,
207,1,DDP,,NO_SS,,All,2048,,1.0,,,,,,,,,,,,,,,,,,,,
207,1,DDP,,NO_SS,,All,2049,,1.0,,,,,,,,,,,,,,,,,,,,
207,1,DDP,,NO_SS,,All,2050,,1.0,,,,,,,,,,,,,,,,,,,,
207,1,DDP,,NO_SS,,All,2051,,1.0,,,,,,,,,,,,,,,,,,,,
207,1,DDP,,NO_SS,,All,2052,,1.0,,,,,,,,,,,,,,,,,,,,
207,1,DDP,,NO_SS,,All,2053,,1.0,,,,,,,,,,,,,,,,,,,,
207,1,DDP,,NO_SS,,All,2054,,1.0,,,,,,,,,,,,,,,,,,,,
207,1,DDP,,NO_SS,,All,2055,,1.0,,,,,,,,,,,,,,,,,,,,
207,1,DDP,,NO_SS,,All,2056,,1.0,,,,,,,,,,,,,,,,,,,,
207,1,DDP,,NO_SS,,All,2057,,1.0,,,,,,,,,,,,,,,,,,,,
207,1,DDP,,NO_SS,,All,2058,,1.0,,,,,,,,,,,,,,,,,,,,
207,1,DDP,,NO_SS,,All,2059,,1.0,,,,,,,,,,,,,,,,,,,,
207,1,DDP,,NO_SS,,All,2060,,1.0,,,,,,,,,,,,,,,,,,,,
207,1,DDP,,NO_SS,,All,2061,,1.0,,,,,,,,,,,,,,,,,,,,
207,1,DDP,,NO_SS,,All,2062,,1.0,,,,,,,,,,,,,,,,,,,,
207,1,DDP,,NO_SS,,All,2063,,1.0,,,,,,,,,,,,,,,,,,,,
207,1,DDP,,NO_SS,,All,2064,,1.0,,,,,,,,,,,,,,,,,,,,
207,1,DDP,,NO_SS,,All,2065,,1.0,,,,,,,,,,,,,,,,,,,,
207,1,DDP,,NO_SS,,All,2066,,1.0,,,,,,,,,,,,,,,,,,,,
207,1,DDP,,NO_SS,,All,2067,,1.0,,,,,,,,,,,,,,,,,,,,
207,1,DDP,,NO_SS,,All,2068,,1.0,,,,,,,,,,,,,,,,,,,,
207,1,DDP,,NO_SS,,All,2069,,1.0,,,,,,,,,,,,,,,,,,,,
207,1,DDP,,NO_SS,,All,2070,,1.0,,,,,,,,,,,,,,,,,,,,
207,1,DDP,,SEWERWWWOT,,All,2018,,1.0,,,,,,,,,,,,,,,,,,,,
207,1,DDP,,SEWERWWWOT,,All,2019,,1.0,,,,,,,,,,,,,,,,,,,,
207,1,DDP,,SEWERWWWOT,,All,2020,,1.0,,,,,,,,,,,,,,,,,,,,
207,1,DDP,,SEWERWWWOT,,All,2021,,1.0,,,,,,,,,,,,,,,,,,,,
207,1,DDP,,SEWERWWWOT,,All,2022,,1.0,,,,,,,,,,,,,,,,,,,,
207,1,DDP,,SEWERWWWOT,,All,2023,,1.0,,,,,,,,,,,,,,,,,,,,
207,1,DDP,,SEWERWWWOT,,All,2024,,1.0,,,,,,,,,,,,,,,,,,,,
207,1,DDP,,SEWERWWWOT,,All,2025,,1.0,,,,,,,,,,,,,,,,,,,,
207,1,DDP,,SEWERWWWOT,,All,2026,,1.0,,,,,,,,,,,,,,,,,,,,
207,1,DDP,,SEWERWWWOT,,All,2027,,1.0,,,,,,,,,,,,,,,,,,,,
207,1,DDP,,SEWERWWWOT,,All,2028,,1.0,,,,,,,,,,,,,,,,,,,,
207,1,DDP,,SEWERWWWOT,,All,2029,,1.0,,,,,,,,,,,,,,,,,,,,
207,1,DDP,,SEWERWWWOT,,All,2030,,1.0,,,,,,,,,,,,,,,,,,,,
207,1,DDP,,SEWERWWWOT,,All,2031,,1.0,,,,,,,,,,,,,,,,,,,,
207,1,DDP,,SEWERWWWOT,,All,2032,,1.0,,,,,,,,,,,,,,,,,,,,
207,1,DDP,,SEWERWWWOT,,All,2033,,1.0,,,,,,,,,,,,,,,,,,,,
207,1,DDP,,SEWERWWWOT,,All,2034,,1.0,,,,,,,,,,,,,,,,,,,,
207,1,DDP,,SEWERWWWOT,,All,2035,,1.0,,,,,,,,,,,,,,,,,,,,
207,1,DDP,,SEWERWWWOT,,All,2036,,1.0,,,,,,,,,,,,,,,,,,,,
207,1,DDP,,SEWERWWWOT,,All,2037,,1.0,,,,,,,,,,,,,,,,,,,,
207,1,DDP,,SEWERWWWOT,,All,2038,,1.0,,,,,,,,,,,,,,,,,,,,
207,1,DDP,,SEWERWWWOT,,All,2039,,1.0,,,,,,,,,,,,,,,,,,,,
207,1,DDP,,SEWERWWWOT,,All,2040,,1.0,,,,,,,,,,,,,,,,,,,,
207,1,DDP,,SEWERWWWOT,,All,2041,,1.0,,,,,,,,,,,,,,,,,,,,
207,1,DDP,,SEWERWWWOT,,All,2042,,1.0,,,,,,,,,,,,,,,,,,,,
207,1,DDP,,SEWERWWWOT,,All,2043,,1.0,,,,,,,,,,,,,,,,,,,,
207,1,DDP,,SEWERWWWOT,,All,2044,,1.0,,,,,,,,,,,,,,,,,,,,
207,1,DDP,,SEWERWWWOT,,All,2045,,1.0,,,,,,,,,,,,,,,,,,,,
207,1,DDP,,SEWERWWWOT,,All,2046,,1.0,,,,,,,,,,,,,,,,,,,,
207,1,DDP,,SEWERWWWOT,,All,2047,,1.0,,,,,,,,,,,,,,,,,,,,
207,1,DDP,,SEWERWWWOT,,All,2048,,1.0,,,,,,,,,,,,,,,,,,,,
207,1,DDP,,SEWERWWWOT,,All,2049,,1.0,,,,,,,,,,,,,,,,,,,,
207,1,DDP,,SEWERWWWOT,,All,2050,,1.0,,,,,,,,,,,,,,,,,,,,
207,1,DDP,,SEWERWWWOT,,All,2051,,1.0,,,,,,,,,,,,,,,,,,,,
207,1,DDP,,SEWERWWWOT,,All,2052,,1.0,,,,,,,,,,,,,,,,,,,,
207,1,DDP,,SEWERWWWOT,,All,2053,,1.0,,,,,,,,,,,,,,,,,,,,
207,1,DDP,,SEWERWWWOT,,All,2054,,1.0,,,,,,,,,,,,,,,,,,,,
207,1,DDP,,SEWERWWWOT,,All,2055,,1.0,,,,,,,,,,,,,,,,,,,,
207,1,DDP,,SEWERWWWOT,,All,2056,,1.0,,,,,,,,,,,,,,,,,,,,
207,1,DDP,,SEWERWWWOT,,All,2057,,1.0,,,,,,,,,,,,,,,,,,,,
207,1,DDP,,SEWERWWWOT,,All,2058,,1.0,,,,,,,,,,,,,,,,,,,,
207,1,DDP,,SEWERWWWOT,,All,2059,,1.0,,,,,,,,,,,,,,,,,,,,
207,1,DDP,,SEWERWWWOT,,All,2060,,1.0,,,,,,,,,,,,,,,,,,,,
207,1,DDP,,SEWERWWWOT,,All,2061,,1.0,,,,,,,,,,,,,,,,,,,,
207,1,DDP,,SEWERWWWOT,,All,2062,,1.0,,,,,,,,,,,,,,,,,,,,
207,1,DDP,,SEWERWWWOT,,All,2063,,1.0,,,,,,,,,,,,,,,,,,,,
207,1,DDP,,SEWERWWWOT,,All,2064,,1.0,,,,,,,,,,,,,,,,,,,,
207,1,DDP,,SEWERWWWOT,,All,2065,,1.0,,,,,,,,,,,,,,,,,,,,
207,1,DDP,,SEWERWWWOT,,All,2066,,1.0,,,,,,,,,,,,,,,,,,,,
207,1,DDP,,SEWERWWWOT,,All,2067,,1.0,,,,,,,,,,,,,,,,,,,,
207,1,DDP,,SEWERWWWOT,,All,2068,,1.0,,,,,,,,,,,,,,,,,,,,
207,1,DDP,,SEWERWWWOT,,All,2069,,1.0,,,,,,,,,,,,,,,,,,,,
207,1,DDP,,SEWERWWWOT,,All,2070,,1.0,,,,,,,,,,,,,,,,,,,,
207,1,DDP,,SEWERWWWT,,All,2018,,1.0,,,,,,,,,,,,,,,,,,,,
207,1,DDP,,SEWERWWWT,,All,2019,,1.0,,,,,,,,,,,,,,,,,,,,
207,1,DDP,,SEWERWWWT,,All,2020,,1.0,,,,,,,,,,,,,,,,,,,,
207,1,DDP,,SEWERWWWT,,All,2021,,1.0,,,,,,,,,,,,,,,,,,,,
207,1,DDP,,SEWERWWWT,,All,2022,,1.0,,,,,,,,,,,,,,,,,,,,
207,1,DDP,,SEWERWWWT,,All,2023,,1.0,,,,,,,,,,,,,,,,,,,,
207,1,DDP,,SEWERWWWT,,All,2024,,1.0,,,,,,,,,,,,,,,,,,,,
207,1,DDP,,SEWERWWWT,,All,2025,,1.0,,,,,,,,,,,,,,,,,,,,
207,1,DDP,,SEWERWWWT,,All,2026,,1.0,,,,,,,,,,,,,,,,,,,,
207,1,DDP,,SEWERWWWT,,All,2027,,1.0,,,,,,,,,,,,,,,,,,,,
207,1,DDP,,SEWERWWWT,,All,2028,,1.0,,,,,,,,,,,,,,,,,,,,
207,1,DDP,,SEWERWWWT,,All,2029,,1.0,,,,,,,,,,,,,,,,,,,,
207,1,DDP,,SEWERWWWT,,All,2030,,1.0,,,,,,,,,,,,,,,,,,,,
207,1,DDP,,SEWERWWWT,,All,2031,,1.0,,,,,,,,,,,,,,,,,,,,
207,1,DDP,,SEWERWWWT,,All,2032,,1.0,,,,,,,,,,,,,,,,,,,,
207,1,DDP,,SEWERWWWT,,All,2033,,1.0,,,,,,,,,,,,,,,,,,,,
207,1,DDP,,SEWERWWWT,,All,2034,,1.0,,,,,,,,,,,,,,,,,,,,
207,1,DDP,,SEWERWWWT,,All,2035,,1.0,,,,,,,,,,,,,,,,,,,,
207,1,DDP,,SEWERWWWT,,All,2036,,1.0,,,,,,,,,,,,,,,,,,,,
207,1,DDP,,SEWERWWWT,,All,2037,,1.0,,,,,,,,,,,,,,,,,,,,
207,1,DDP,,SEWERWWWT,,All,2038,,1.0,,,,,,,,,,,,,,,,,,,,
207,1,DDP,,SEWERWWWT,,All,2039,,1.0,,,,,,,,,,,,,,,,,,,,
207,1,DDP,,SEWERWWWT,,All,2040,,1.0,,,,,,,,,,,,,,,,,,,,
207,1,DDP,,SEWERWWWT,,All,2041,,1.0,,,,,,,,,,,,,,,,,,,,
207,1,DDP,,SEWERWWWT,,All,2042,,1.0,,,,,,,,,,,,,,,,,,,,
207,1,DDP,,SEWERWWWT,,All,2043,,1.0,,,,,,,,,,,,,,,,,,,,
207,1,DDP,,SEWERWWWT,,All,2044,,1.0,,,,,,,,,,,,,,,,,,,,
207,1,DDP,,SEWERWWWT,,All,2045,,1.0,,,,,,,,,,,,,,,,,,,,
207,1,DDP,,SEWERWWWT,,All,2046,,1.0,,,,,,,,,,,,,,,,,,,,
207,1,DDP,,SEWERWWWT,,All,2047,,1.0,,,,,,,,,,,,,,,,,,,,
207,1,DDP,,SEWERWWWT,,All,2048,,1.0,,,,,,,,,,,,,,,,,,,,
207,1,DDP,,SEWERWWWT,,All,2049,,1.0,,,,,,,,,,,,,,,,,,,,
207,1,DDP,,SEWERWWWT,,All,2050,,1.0,,,,,,,,,,,,,,,,,,,,
207,1,DDP,,SEWERWWWT,,All,2051,,1.0,,,,,,,,,,,,,,,,,,,,
207,1,DDP,,SEWERWWWT,,All,2052,,1.0,,,,,,,,,,,,,,,,,,,,
207,1,DDP,,SEWERWWWT,,All,2053,,1.0,,,,,,,,,,,,,,,,,,,,
207,1,DDP,,SEWERWWWT,,All,2054,,1.0,,,,,,,,,,,,,,,,,,,,
207,1,DDP,,SEWERWWWT,,All,2055,,1.0,,,,,,,,,,,,,,,,,,,,
207,1,DDP,,SEWERWWWT,,All,2056,,1.0,,,,,,,,,,,,,,,,,,,,
207,1,DDP,,SEWERWWWT,,All,2057,,1.0,,,,,,,,,,,,,,,,,,,,
207,1,DDP,,SEWERWWWT,,All,2058,,1.0,,,,,,,,,,,,,,,,,,,,
207,1,DDP,,SEWERWWWT,,All,2059,,1.0,,,,,,,,,,,,,,,,,,,,
207,1,DDP,,SEWERWWWT,,All,2060,,1.0,,,,,,,,,,,,,,,,,,,,
207,1,DDP,,SEWERWWWT,,All,2061,,1.0,,,,,,,,,,,,,,,,,,,,
207,1,DDP,,SEWERWWWT,,All,2062,,1.0,,,,,,,,,,,,,,,,,,,,
207,1,DDP,,SEWERWWWT,,All,2063,,1.0,,,,,,,,,,,,,,,,,,,,
207,1,DDP,,SEWERWWWT,,All,2064,,1.0,,,,,,,,,,,,,,,,,,,,
207,1,DDP,,SEWERWWWT,,All,2065,,1.0,,,,,,,,,,,,,,,,,,,,
207,1,DDP,,SEWERWWWT,,All,2066,,1.0,,,,,,,,,,,,,,,,,,,,
207,1,DDP,,SEWERWWWT,,All,2067,,1.0,,,,,,,,,,,,,,,,,,,,
207,1,DDP,,SEWERWWWT,,All,2068,,1.0,,,,,,,,,,,,,,,,,,,,
207,1,DDP,,SEWERWWWT,,All,2069,,1.0,,,,,,,,,,,,,,,,,,,,
207,1,DDP,,SEWERWWWT,,All,2070,,1.0,,,,,,,,,,,,,,,,,,,,
207,1,DDP,,WWWTFIRU,,All,2018,,1.0,,,,,,,,,,,,,,,,,,,,
207,1,DDP,,WWWTFIRU,,All,2019,,1.0,,,,,,,,,,,,,,,,,,,,
207,1,DDP,,WWWTFIRU,,All,2020,,1.0,,,,,,,,,,,,,,,,,,,,
207,1,DDP,,WWWTFIRU,,All,2021,,1.0,,,,,,,,,,,,,,,,,,,,
207,1,DDP,,WWWTFIRU,,All,2022,,1.0,,,,,,,,,,,,,,,,,,,,
207,1,DDP,,WWWTFIRU,,All,2023,,1.0,,,,,,,,,,,,,,,,,,,,
207,1,DDP,,WWWTFIRU,,All,2024,,1.0,,,,,,,,,,,,,,,,,,,,
207,1,DDP,,WWWTFIRU,,All,2025,,1.0,,,,,,,,,,,,,,,,,,,,
207,1,DDP,,WWWTFIRU,,All,2026,,1.0,,,,,,,,,,,,,,,,,,,,
207,1,DDP,,WWWTFIRU,,All,2027,,1.0,,,,,,,,,,,,,,,,,,,,
207,1,DDP,,WWWTFIRU,,All,2028,,1.0,,,,,,,,,,,,,,,,,,,,
207,1,DDP,,WWWTFIRU,,All,2029,,1.0,,,,,,,,,,,,,,,,,,,,
207,1,DDP,,WWWTFIRU,,All,2030,,1.0,,,,,,,,,,,,,,,,,,,,
207,1,DDP,,WWWTFIRU,,All,2031,,1.0,,,,,,,,,,,,,,,,,,,,
207,1,DDP,,WWWTFIRU,,All,2032,,1.0,,,,,,,,,,,,,,,,,,,,
207,1,DDP,,WWWTFIRU,,All,2033,,1.0,,,,,,,,,,,,,,,,,,,,
207,1,DDP,,WWWTFIRU,,All,2034,,1.0,,,,,,,,,,,,,,,,,,,,
207,1,DDP,,WWWTFIRU,,All,2035,,1.0,,,,,,,,,,,,,,,,,,,,
207,1,DDP,,WWWTFIRU,,All,2036,,1.0,,,,,,,,,,,,,,,,,,,,
207,1,DDP,,WWWTFIRU,,All,2037,,1.0,,,,,,,,,,,,,,,,,,,,
207,1,DDP,,WWWTFIRU,,All,2038,,1.0,,,,,,,,,,,,,,,,,,,,
207,1,DDP,,WWWTFIRU,,All,2039,,1.0,,,,,,,,,,,,,,,,,,,,
207,1,DDP,,WWWTFIRU,,All,2040,,1.0,,,,,,,,,,,,,,,,,,,,
207,1,DDP,,WWWTFIRU,,All,2041,,1.0,,,,,,,,,,,,,,,,,,,,
207,1,DDP,,WWWTFIRU,,All,2042,,1.0,,,,,,,,,,,,,,,,,,,,
207,1,DDP,,WWWTFIRU,,All,2043,,1.0,,,,,,,,,,,,,,,,,,,,
207,1,DDP,,WWWTFIRU,,All,2044,,1.0,,,,,,,,,,,,,,,,,,,,
207,1,DDP,,WWWTFIRU,,All,2045,,1.0,,,,,,,,,,,,,,,,,,,,
207,1,DDP,,WWWTFIRU,,All,2046,,1.0,,,,,,,,,,,,,,,,,,,,
207,1,DDP,,WWWTFIRU,,All,2047,,1.0,,,,,,,,,,,,,,,,,,,,
207,1,DDP,,WWWTFIRU,,All,2048,,1.0,,,,,,,,,,,,,,,,,,,,
207,1,DDP,,WWWTFIRU,,All,2049,,1.0,,,,,,,,,,,,,,,,,,,,
207,1,DDP,,WWWTFIRU,,All,2050,,1.0,,,,,,,,,,,,,,,,,,,,
207,1,DDP,,WWWTFIRU,,All,2051,,1.0,,,,,,,,,,,,,,,,,,,,
207,1,DDP,,WWWTFIRU,,All,2052,,1.0,,,,,,,,,,,,,,,,,,,,
207,1,DDP,,WWWTFIRU,,All,2053,,1.0,,,,,,,,,,,,,,,,,,,,
207,1,DDP,,WWWTFIRU,,All,2054,,1.0,,,,,,,,,,,,,,,,,,,,
207,1,DDP,,WWWTFIRU,,All,2055,,1.0,,,,,,,,,,,,,,,,,,,,
207,1,DDP,,WWWTFIRU,,All,2056,,1.0,,,,,,,,,,,,,,,,,,,,
207,1,DDP,,WWWTFIRU,,All,2057,,1.0,,,,,,,,,,,,,,,,,,,,
207,1,DDP,,WWWTFIRU,,All,2058,,1.0,,,,,,,,,,,,,,,,,,,,
207,1,DDP,,WWWTFIRU,,All,2059,,1.0,,,,,,,,,,,,,,,,,,,,
207,1,DDP,,WWWTFIRU,,All,2060,,1.0,,,,,,,,,,,,,,,,,,,,
207,1,DDP,,WWWTFIRU,,All,2061,,1.0,,,,,,,,,,,,,,,,,,,,
207,1,DDP,,WWWTFIRU,,All,2062,,1.0,,,,,,,,,,,,,,,,,,,,
207,1,DDP,,WWWTFIRU,,All,2063,,1.0,,,,,,,,,,,,,,,,,,,,
207,1,DDP,,WWWTFIRU,,All,2064,,1.0,,,,,,,,,,,,,,,,,,,,
207,1,DDP,,WWWTFIRU,,All,2065,,1.0,,,,,,,,,,,,,,,,,,,,
207,1,DDP,,WWWTFIRU,,All,2066,,1.0,,,,,,,,,,,,,,,,,,,,
207,1,DDP,,WWWTFIRU,,All,2067,,1.0,,,,,,,,,,,,,,,,,,,,
207,1,DDP,,WWWTFIRU,,All,2068,,1.0,,,,,,,,,,,,,,,,,,,,
207,1,DDP,,WWWTFIRU,,All,2069,,1.0,,,,,,,,,,,,,,,,,,,,
207,1,DDP,,WWWTFIRU,,All,2070,,1.0,,,,,,,,,,,,,,,,,,,,
207,1,DDP,,TWWWOT,,All,2018,,1.0,,,,,,,,,,,,,,,,,,,,
207,1,DDP,,TWWWOT,,All,2019,,1.0,,,,,,,,,,,,,,,,,,,,
207,1,DDP,,TWWWOT,,All,2020,,1.0,,,,,,,,,,,,,,,,,,,,
207,1,DDP,,TWWWOT,,All,2021,,1.0,,,,,,,,,,,,,,,,,,,,
207,1,DDP,,TWWWOT,,All,2022,,1.0,,,,,,,,,,,,,,,,,,,,
207,1,DDP,,TWWWOT,,All,2023,,1.0,,,,,,,,,,,,,,,,,,,,
207,1,DDP,,TWWWOT,,All,2024,,1.0,,,,,,,,,,,,,,,,,,,,
207,1,DDP,,TWWWOT,,All,2025,,1.0,,,,,,,,,,,,,,,,,,,,
207,1,DDP,,TWWWOT,,All,2026,,1.0,,,,,,,,,,,,,,,,,,,,
207,1,DDP,,TWWWOT,,All,2027,,1.0,,,,,,,,,,,,,,,,,,,,
207,1,DDP,,TWWWOT,,All,2028,,1.0,,,,,,,,,,,,,,,,,,,,
207,1,DDP,,TWWWOT,,All,2029,,1.0,,,,,,,,,,,,,,,,,,,,
207,1,DDP,,TWWWOT,,All,2030,,1.0,,,,,,,,,,,,,,,,,,,,
207,1,DDP,,TWWWOT,,All,2031,,1.0,,,,,,,,,,,,,,,,,,,,
207,1,DDP,,TWWWOT,,All,2032,,1.0,,,,,,,,,,,,,,,,,,,,
207,1,DDP,,TWWWOT,,All,2033,,1.0,,,,,,,,,,,,,,,,,,,,
207,1,DDP,,TWWWOT,,All,2034,,1.0,,,,,,,,,,,,,,,,,,,,
207,1,DDP,,TWWWOT,,All,2035,,1.0,,,,,,,,,,,,,,,,,,,,
207,1,DDP,,TWWWOT,,All,2036,,1.0,,,,,,,,,,,,,,,,,,,,
207,1,DDP,,TWWWOT,,All,2037,,1.0,,,,,,,,,,,,,,,,,,,,
207,1,DDP,,TWWWOT,,All,2038,,1.0,,,,,,,,,,,,,,,,,,,,
207,1,DDP,,TWWWOT,,All,2039,,1.0,,,,,,,,,,,,,,,,,,,,
207,1,DDP,,TWWWOT,,All,2040,,1.0,,,,,,,,,,,,,,,,,,,,
207,1,DDP,,TWWWOT,,All,2041,,1.0,,,,,,,,,,,,,,,,,,,,
207,1,DDP,,TWWWOT,,All,2042,,1.0,,,,,,,,,,,,,,,,,,,,
207,1,DDP,,TWWWOT,,All,2043,,1.0,,,,,,,,,,,,,,,,,,,,
207,1,DDP,,TWWWOT,,All,2044,,1.0,,,,,,,,,,,,,,,,,,,,
207,1,DDP,,TWWWOT,,All,2045,,1.0,,,,,,,,,,,,,,,,,,,,
207,1,DDP,,TWWWOT,,All,2046,,1.0,,,,,,,,,,,,,,,,,,,,
207,1,DDP,,TWWWOT,,All,2047,,1.0,,,,,,,,,,,,,,,,,,,,
207,1,DDP,,TWWWOT,,All,2048,,1.0,,,,,,,,,,,,,,,,,,,,
207,1,DDP,,TWWWOT,,All,2049,,1.0,,,,,,,,,,,,,,,,,,,,
207,1,DDP,,TWWWOT,,All,2050,,1.0,,,,,,,,,,,,,,,,,,,,
207,1,DDP,,TWWWOT,,All,2051,,1.0,,,,,,,,,,,,,,,,,,,,
207,1,DDP,,TWWWOT,,All,2052,,1.0,,,,,,,,,,,,,,,,,,,,
207,1,DDP,,TWWWOT,,All,2053,,1.0,,,,,,,,,,,,,,,,,,,,
207,1,DDP,,TWWWOT,,All,2054,,1.0,,,,,,,,,,,,,,,,,,,,
207,1,DDP,,TWWWOT,,All,2055,,1.0,,,,,,,,,,,,,,,,,,,,
207,1,DDP,,TWWWOT,,All,2056,,1.0,,,,,,,,,,,,,,,,,,,,
207,1,DDP,,TWWWOT,,All,2057,,1.0,,,,,,,,,,,,,,,,,,,,
207,1,DDP,,TWWWOT,,All,2058,,1.0,,,,,,,,,,,,,,,,,,,,
207,1,DDP,,TWWWOT,,All,2059,,1.0,,,,,,,,,,,,,,,,,,,,
207,1,DDP,,TWWWOT,,All,2060,,1.0,,,,,,,,,,,,,,,,,,,,
207,1,DDP,,TWWWOT,,All,2061,,1.0,,,,,,,,,,,,,,,,,,,,
207,1,DDP,,TWWWOT,,All,2062,,1.0,,,,,,,,,,,,,,,,,,,,
207,1,DDP,,TWWWOT,,All,2063,,1.0,,,,,,,,,,,,,,,,,,,,
207,1,DDP,,TWWWOT,,All,2064,,1.0,,,,,,,,,,,,,,,,,,,,
207,1,DDP,,TWWWOT,,All,2065,,1.0,,,,,,,,,,,,,,,,,,,,
207,1,DDP,,TWWWOT,,All,2066,,1.0,,,,,,,,,,,,,,,,,,,,
207,1,DDP,,TWWWOT,,All,2067,,1.0,,,,,,,,,,,,,,,,,,,,
207,1,DDP,,TWWWOT,,All,2068,,1.0,,,,,,,,,,,,,,,,,,,,
207,1,DDP,,TWWWOT,,All,2069,,1.0,,,,,,,,,,,,,,,,,,,,
207,1,DDP,,TWWWOT,,All,2070,,1.0,,,,,,,,,,,,,,,,,,,,
207,1,DDP,,SEWERWW,,All,2018,,1.0,,,,,,,,,,,,,,,,,,,,
207,1,DDP,,SEWERWW,,All,2019,,1.0,,,,,,,,,,,,,,,,,,,,
207,1,DDP,,SEWERWW,,All,2020,,1.0,,,,,,,,,,,,,,,,,,,,
207,1,DDP,,SEWERWW,,All,2021,,1.0,,,,,,,,,,,,,,,,,,,,
207,1,DDP,,SEWERWW,,All,2022,,1.0,,,,,,,,,,,,,,,,,,,,
207,1,DDP,,SEWERWW,,All,2023,,1.0,,,,,,,,,,,,,,,,,,,,
207,1,DDP,,SEWERWW,,All,2024,,1.0,,,,,,,,,,,,,,,,,,,,
207,1,DDP,,SEWERWW,,All,2025,,1.0,,,,,,,,,,,,,,,,,,,,
207,1,DDP,,SEWERWW,,All,2026,,1.0,,,,,,,,,,,,,,,,,,,,
207,1,DDP,,SEWERWW,,All,2027,,1.0,,,,,,,,,,,,,,,,,,,,
207,1,DDP,,SEWERWW,,All,2028,,1.0,,,,,,,,,,,,,,,,,,,,
207,1,DDP,,SEWERWW,,All,2029,,1.0,,,,,,,,,,,,,,,,,,,,
207,1,DDP,,SEWERWW,,All,2030,,1.0,,,,,,,,,,,,,,,,,,,,
207,1,DDP,,SEWERWW,,All,2031,,1.0,,,,,,,,,,,,,,,,,,,,
207,1,DDP,,SEWERWW,,All,2032,,1.0,,,,,,,,,,,,,,,,,,,,
207,1,DDP,,SEWERWW,,All,2033,,1.0,,,,,,,,,,,,,,,,,,,,
207,1,DDP,,SEWERWW,,All,2034,,1.0,,,,,,,,,,,,,,,,,,,,
207,1,DDP,,SEWERWW,,All,2035,,1.0,,,,,,,,,,,,,,,,,,,,
207,1,DDP,,SEWERWW,,All,2036,,1.0,,,,,,,,,,,,,,,,,,,,
207,1,DDP,,SEWERWW,,All,2037,,1.0,,,,,,,,,,,,,,,,,,,,
207,1,DDP,,SEWERWW,,All,2038,,1.0,,,,,,,,,,,,,,,,,,,,
207,1,DDP,,SEWERWW,,All,2039,,1.0,,,,,,,,,,,,,,,,,,,,
207,1,DDP,,SEWERWW,,All,2040,,1.0,,,,,,,,,,,,,,,,,,,,
207,1,DDP,,SEWERWW,,All,2041,,1.0,,,,,,,,,,,,,,,,,,,,
207,1,DDP,,SEWERWW,,All,2042,,1.0,,,,,,,,,,,,,,,,,,,,
207,1,DDP,,SEWERWW,,All,2043,,1.0,,,,,,,,,,,,,,,,,,,,
207,1,DDP,,SEWERWW,,All,2044,,1.0,,,,,,,,,,,,,,,,,,,,
207,1,DDP,,SEWERWW,,All,2045,,1.0,,,,,,,,,,,,,,,,,,,,
207,1,DDP,,SEWERWW,,All,2046,,1.0,,,,,,,,,,,,,,,,,,,,
207,1,DDP,,SEWERWW,,All,2047,,1.0,,,,,,,,,,,,,,,,,,,,
207,1,DDP,,SEWERWW,,All,2048,,1.0,,,,,,,,,,,,,,,,,,,,
207,1,DDP,,SEWERWW,,All,2049,,1.0,,,,,,,,,,,,,,,,,,,,
207,1,DDP,,SEWERWW,,All,2050,,1.0,,,,,,,,,,,,,,,,,,,,
207,1,DDP,,SEWERWW,,All,2051,,1.0,,,,,,,,,,,,,,,,,,,,
207,1,DDP,,SEWERWW,,All,2052,,1.0,,,,,,,,,,,,,,,,,,,,
207,1,DDP,,SEWERWW,,All,2053,,1.0,,,,,,,,,,,,,,,,,,,,
207,1,DDP,,SEWERWW,,All,2054,,1.0,,,,,,,,,,,,,,,,,,,,
207,1,DDP,,SEWERWW,,All,2055,,1.0,,,,,,,,,,,,,,,,,,,,
207,1,DDP,,SEWERWW,,All,2056,,1.0,,,,,,,,,,,,,,,,,,,,
207,1,DDP,,SEWERWW,,All,2057,,1.0,,,,,,,,,,,,,,,,,,,,
207,1,DDP,,SEWERWW,,All,2058,,1.0,,,,,,,,,,,,,,,,,,,,
207,1,DDP,,SEWERWW,,All,2059,,1.0,,,,,,,,,,,,,,,,,,,,
207,1,DDP,,SEWERWW,,All,2060,,1.0,,,,,,,,,,,,,,,,,,,,
207,1,DDP,,SEWERWW,,All,2061,,1.0,,,,,,,,,,,,,,,,,,,,
207,1,DDP,,SEWERWW,,All,2062,,1.0,,,,,,,,,,,,,,,,,,,,
207,1,DDP,,SEWERWW,,All,2063,,1.0,,,,,,,,,,,,,,,,,,,,
207,1,DDP,,SEWERWW,,All,2064,,1.0,,,,,,,,,,,,,,,,,,,,
207,1,DDP,,SEWERWW,,All,2065,,1.0,,,,,,,,,,,,,,,,,,,,
207,1,DDP,,SEWERWW,,All,2066,,1.0,,,,,,,,,,,,,,,,,,,,
207,1,DDP,,SEWERWW,,All,2067,,1.0,,,,,,,,,,,,,,,,,,,,
207,1,DDP,,SEWERWW,,All,2068,,1.0,,,,,,,,,,,,,,,,,,,,
207,1,DDP,,SEWERWW,,All,2069,,1.0,,,,,,,,,,,,,,,,,,,,
207,1,DDP,,SEWERWW,,All,2070,,1.0,,,,,,,,,,,,,,,,,,,,
207,1,DDP,,STWW,,All,2018,,1.0,,,,,,,,,,,,,,,,,,,,
207,1,DDP,,STWW,,All,2019,,1.0,,,,,,,,,,,,,,,,,,,,
207,1,DDP,,STWW,,All,2020,,1.0,,,,,,,,,,,,,,,,,,,,
207,1,DDP,,STWW,,All,2021,,1.0,,,,,,,,,,,,,,,,,,,,
207,1,DDP,,STWW,,All,2022,,1.0,,,,,,,,,,,,,,,,,,,,
207,1,DDP,,STWW,,All,2023,,1.0,,,,,,,,,,,,,,,,,,,,
207,1,DDP,,STWW,,All,2024,,1.0,,,,,,,,,,,,,,,,,,,,
207,1,DDP,,STWW,,All,2025,,1.0,,,,,,,,,,,,,,,,,,,,
207,1,DDP,,STWW,,All,2026,,1.0,,,,,,,,,,,,,,,,,,,,
207,1,DDP,,STWW,,All,2027,,1.0,,,,,,,,,,,,,,,,,,,,
207,1,DDP,,STWW,,All,2028,,1.0,,,,,,,,,,,,,,,,,,,,
207,1,DDP,,STWW,,All,2029,,1.0,,,,,,,,,,,,,,,,,,,,
207,1,DDP,,STWW,,All,2030,,1.0,,,,,,,,,,,,,,,,,,,,
207,1,DDP,,STWW,,All,2031,,1.0,,,,,,,,,,,,,,,,,,,,
207,1,DDP,,STWW,,All,2032,,1.0,,,,,,,,,,,,,,,,,,,,
207,1,DDP,,STWW,,All,2033,,1.0,,,,,,,,,,,,,,,,,,,,
207,1,DDP,,STWW,,All,2034,,1.0,,,,,,,,,,,,,,,,,,,,
207,1,DDP,,STWW,,All,2035,,1.0,,,,,,,,,,,,,,,,,,,,
207,1,DDP,,STWW,,All,2036,,1.0,,,,,,,,,,,,,,,,,,,,
207,1,DDP,,STWW,,All,2037,,1.0,,,,,,,,,,,,,,,,,,,,
207,1,DDP,,STWW,,All,2038,,1.0,,,,,,,,,,,,,,,,,,,,
207,1,DDP,,STWW,,All,2039,,1.0,,,,,,,,,,,,,,,,,,,,
207,1,DDP,,STWW,,All,2040,,1.0,,,,,,,,,,,,,,,,,,,,
207,1,DDP,,STWW,,All,2041,,1.0,,,,,,,,,,,,,,,,,,,,
207,1,DDP,,STWW,,All,2042,,1.0,,,,,,,,,,,,,,,,,,,,
207,1,DDP,,STWW,,All,2043,,1.0,,,,,,,,,,,,,,,,,,,,
207,1,DDP,,STWW,,All,2044,,1.0,,,,,,,,,,,,,,,,,,,,
207,1,DDP,,STWW,,All,2045,,1.0,,,,,,,,,,,,,,,,,,,,
207,1,DDP,,STWW,,All,2046,,1.0,,,,,,,,,,,,,,,,,,,,
207,1,DDP,,STWW,,All,2047,,1.0,,,,,,,,,,,,,,,,,,,,
207,1,DDP,,STWW,,All,2048,,1.0,,,,,,,,,,,,,,,,,,,,
207,1,DDP,,STWW,,All,2049,,1.0,,,,,,,,,,,,,,,,,,,,
207,1,DDP,,STWW,,All,2050,,1.0,,,,,,,,,,,,,,,,,,,,
207,1,DDP,,STWW,,All,2051,,1.0,,,,,,,,,,,,,,,,,,,,
207,1,DDP,,STWW,,All,2052,,1.0,,,,,,,,,,,,,,,,,,,,
207,1,DDP,,STWW,,All,2053,,1.0,,,,,,,,,,,,,,,,,,,,
207,1,DDP,,STWW,,All,2054,,1.0,,,,,,,,,,,,,,,,,,,,
207,1,DDP,,STWW,,All,2055,,1.0,,,,,,,,,,,,,,,,,,,,
207,1,DDP,,STWW,,All,2056,,1.0,,,,,,,,,,,,,,,,,,,,
207,1,DDP,,STWW,,All,2057,,1.0,,,,,,,,,,,,,,,,,,,,
207,1,DDP,,STWW,,All,2058,,1.0,,,,,,,,,,,,,,,,,,,,
207,1,DDP,,STWW,,All,2059,,1.0,,,,,,,,,,,,,,,,,,,,
207,1,DDP,,STWW,,All,2060,,1.0,,,,,,,,,,,,,,,,,,,,
207,1,DDP,,STWW,,All,2061,,1.0,,,,,,,,,,,,,,,,,,,,
207,1,DDP,,STWW,,All,2062,,1.0,,,,,,,,,,,,,,,,,,,,
207,1,DDP,,STWW,,All,2063,,1.0,,,,,,,,,,,,,,,,,,,,
207,1,DDP,,STWW,,All,2064,,1.0,,,,,,,,,,,,,,,,,,,,
207,1,DDP,,STWW,,All,2065,,1.0,,,,,,,,,,,,,,,,,,,,
207,1,DDP,,STWW,,All,2066,,1.0,,,,,,,,,,,,,,,,,,,,
207,1,DDP,,STWW,,All,2067,,1.0,,,,,,,,,,,,,,,,,,,,
207,1,DDP,,STWW,,All,2068,,1.0,,,,,,,,,,,,,,,,,,,,
207,1,DDP,,STWW,,All,2069,,1.0,,,,,,,,,,,,,,,,,,,,
207,1,DDP,,STWW,,All,2070,,1.0,,,,,,,,,,,,,,,,,,,,
207,1,DDP,,INORG_RCY_OS,,,,,,20.0,,,,,,,,,,,,,,,,,,,
207,1,DDP,,AD,,,,,,20.0,,,,,,,,,,,,,,,,,,,
207,1,DDP,,COMPOST,,,,,,20.0,,,,,,,,,,,,,,,,,,,
207,1,DDP,,LANDFILL,,,,,,20.0,,,,,,,,,,,,,,,,,,,
207,1,DDP,,NO_CONTR_OD,,,,,,20.0,,,,,,,,,,,,,,,,,,,
207,1,DDP,,LANDFILL_ELEC,,,,,,100.0,,,,,,,,,,,,,,,,,,,
207,1,DDP,,WWWOT,,,,,,100.0,,,,,,,,,,,,,,,,,,,
207,1,DDP,,WWWT,,,,,,100.0,,,,,,,,,,,,,,,,,,,
207,1,DDP,,WFIRU,,,,,,100.0,,,,,,,,,,,,,,,,,,,
207,1,DDP,,OSS_INORG,,,,,,100.0,,,,,,,,,,,,,,,,,,,
207,1,DDP,,OSS_ORG,,,,,,100.0,,,,,,,,,,,,,,,,,,,
207,1,DDP,,NO_OSS_BLEND,,,,,,100.0,,,,,,,,,,,,,,,,,,,
207,1,DDP,,INORG_DCOLL,,,,,,100.0,,,,,,,,,,,,,,,,,,,
207,1,DDP,,ORG_DCOLL,,,,,,100.0,,,,,,,,,,,,,,,,,,,
207,1,DDP,,BLEND_NO_DCOLL,,,,,,100.0,,,,,,,,,,,,,,,,,,,
207,1,DDP,,INORG_SS,,,,,,100.0,,,,,,,,,,,,,,,,,,,
207,1,DDP,,ORG_SS,,,,,,100.0,,,,,,,,,,,,,,,,,,,
207,1,DDP,,NO_SS,,,,,,100.0,,,,,,,,,,,,,,,,,,,
207,1,DDP,,SEWERWWWOT,,,,,,100.0,,,,,,,,,,,,,,,,,,,
207,1,DDP,,SEWERWWWT,,,,,,20.0,,,,,,,,,,,,,,,,,,,
207,1,DDP,,WWWTFIRU,,,,,,20.0,,,,,,,,,,,,,,,,,,,
207,1,DDP,,TWWWOT,,,,,,100.0,,,,,,,,,,,,,,,,,,,
207,1,DDP,,SEWERWW,,,,,,100.0,,,,,,,,,,,,,,,,,,,
207,1,DDP,,STWW,,,,,,20.0,,,,,,,,,,,,,,,,,,,
207,1,DDP,,T5TSWTSW,,,,,,100.0,,,,,,,,,,,,,,,,,,,
207,1,DDP,,T5TWWTWW,,,,,,100.0,,,,,,,,,,,,,,,,,,,
207,1,DDP,,INORG_RCY_OS,,,2018,,,,0.0569,,,,0.0,0.0,0.0,,,,,,0.0568564122855679,,,,,,
207,1,DDP,,INORG_RCY_OS,,,2019,,,,0.054,,,,0.0,0.0,0.0,,,,,,0.056332038360864,,,,,,
207,1,DDP,,INORG_RCY_OS,,,2020,,,,0.0512,,,,0.0,0.0,0.0,,,,,,0.056443596518484,,,,,,
207,1,DDP,,INORG_RCY_OS,,,2021,,,,0.0483,,,,0.0,0.0,0.0,,,,,,0.053772310298616,,,,,,
207,1,DDP,,INORG_RCY_OS,,,2022,,,,0.0455,,,,0.0,0.0,0.0,,,,,,0.0572199446171809,,,,,,
207,1,DDP,,INORG_RCY_OS,,,2023,,,,0.0426,,,,0.0,0.0,0.0,,,,,,0.0607330855587456,,,,,,
207,1,DDP,,INORG_RCY_OS,,,2024,,,,0.0398,,,,0.0,0.0,0.0,,,,,,0.15094424772054657,,,,,,
207,1,DDP,,INORG_RCY_OS,,,2025,,,,0.037,,,,0.0,0.0,0.0,,,,,,0.22406210725815756,,,,,,
207,1,DDP,,INORG_RCY_OS,,,2026,,,,0.0341,,,,0.0,0.0,0.0,,,,,,0.2980833863679152,,,,,,
207,1,DDP,,INORG_RCY_OS,,,2027,,,,0.0313,,,,0.0,0.0,0.0,,,,,,0.3726305869542725,,,,,,
207,1,DDP,,INORG_RCY_OS,,,2028,,,,0.0284,,,,0.0,0.0,0.0,,,,,,0.44751081718550156,,,,,,
207,1,DDP,,INORG_RCY_OS,,,2029,,,,0.0256,,,,0.0,0.0,0.0,,,,,,0.5226152382661361,,,,,,
207,1,DDP,,INORG_RCY_OS,,,2030,,,,0.0227,,,,0.0,0.0,0.0,,,,,,0.5978777791122689,,,,,,
207,1,DDP,,INORG_RCY_OS,,,2031,,,,0.0199,,,,0.0,0.0,0.0,,,,,,0.6732560086631032,,,,,,
207,1,DDP,,INORG_RCY_OS,,,2032,,,,0.0171,,,,0.0,0.0,0.0,,,,,,0.7487214310630311,,,,,,
207,1,DDP,,INORG_RCY_OS,,,2033,,,,0.0142,,,,0.0,0.0,0.0,,,,,,0.8242541989762892,,,,,,
207,1,DDP,,INORG_RCY_OS,,,2034,,,,0.0114,,,,0.0,0.0,0.0,,,,,,0.8998400639371836,,,,,,
207,1,DDP,,INORG_RCY_OS,,,2035,,,,0.0085,,,,0.0,0.0,0.0,,,,,,0.9754685321327843,,,,,,
207,1,DDP,,INORG_RCY_OS,,,2036,,,,0.0057,,,,0.0,0.0,0.0,,,,,,1.051131704093322,,,,,,
207,1,DDP,,INORG_RCY_OS,,,2037,,,,0.0028,,,,0.0,0.0,0.0,,,,,,1.1268235196240453,,,,,,
207,1,DDP,,INORG_RCY_OS,,,2038,,,,0.0,,,,0.0,0.0,0.0,,,,,,1.2025392519408657,,,,,,
207,1,DDP,,INORG_RCY_OS,,,2039,,,,0.0,,,,0.0,0.0,0.0,,,,,,1.2782751600574371,,,,,,
207,1,DDP,,INORG_RCY_OS,,,2040,,,,0.0,,,,0.0,0.0,0.0,,,,,,1.3540282445282394,,,,,,
207,1,DDP,,INORG_RCY_OS,,,2041,,,,0.0,,,,0.0,0.0,0.0,,,,,,1.4297960723878547,,,,,,
207,1,DDP,,INORG_RCY_OS,,,2042,,,,0.0,,,,0.0,0.0,0.0,,,,,,1.5055766494476284,,,,,,
207,1,DDP,,INORG_RCY_OS,,,2043,,,,0.0,,,,0.0,0.0,0.0,,,,,,1.5813683256481594,,,,,,
207,1,DDP,,INORG_RCY_OS,,,2044,,,,0.0,,,,0.0,0.0,0.0,,,,,,1.6571697238980296,,,,,,
207,1,DDP,,INORG_RCY_OS,,,2045,,,,0.0,,,,0.0,0.0,0.0,,,,,,1.7329796858694964,,,,,,
207,1,DDP,,INORG_RCY_OS,,,2046,,,,0.0,,,,0.0,0.0,0.0,,,,,,1.8087972302170012,,,,,,
207,1,DDP,,INORG_RCY_OS,,,2047,,,,0.0,,,,0.0,0.0,0.0,,,,,,1.8846215200192042,,,,,,
207,1,DDP,,INORG_RCY_OS,,,2048,,,,0.0,,,,0.0,0.0,0.0,,,,,,1.9604518371532658,,,,,,
207,1,DDP,,INORG_RCY_OS,,,2049,,,,0.0,,,,0.0,0.0,0.0,,,,,,2.0362875619383325,,,,,,
207,1,DDP,,INORG_RCY_OS,,,2050,,,,0.0,,,,0.0,0.0,0.0,,,,,,2.1121281568261634,,,,,,
207,1,DDP,,INORG_RCY_OS,,,2051,,,,0.0,,,,0.0,0.0,0.0,,,,,,2.1121281568261634,,,,,,
207,1,DDP,,INORG_RCY_OS,,,2052,,,,0.0,,,,0.0,0.0,0.0,,,,,,2.1121281568261634,,,,,,
207,1,DDP,,INORG_RCY_OS,,,2053,,,,0.0,,,,0.0,0.0,0.0,,,,,,2.112128156826163,,,,,,
207,1,DDP,,INORG_RCY_OS,,,2054,,,,0.0,,,,0.0,0.0,0.0,,,,,,2.1121281568261634,,,,,,
207,1,DDP,,INORG_RCY_OS,,,2055,,,,0.0,,,,0.0,0.0,0.0,,,,,,2.1121281568261634,,,,,,
207,1,DDP,,INORG_RCY_OS,,,2056,,,,0.0,,,,0.0,0.0,0.0,,,,,,2.1121281568261634,,,,,,
207,1,DDP,,INORG_RCY_OS,,,2057,,,,0.0,,,,0.0,0.0,0.0,,,,,,2.1121281568261634,,,,,,
207,1,DDP,,INORG_RCY_OS,,,2058,,,,0.0,,,,0.0,0.0,0.0,,,,,,2.1121281568261634,,,,,,
207,1,DDP,,INORG_RCY_OS,,,2059,,,,0.0,,,,0.0,0.0,0.0,,,,,,2.112128156826164,,,,,,
207,1,DDP,,INORG_RCY_OS,,,2060,,,,0.0,,,,0.0,0.0,0.0,,,,,,2.1121281568261634,,,,,,
207,1,DDP,,INORG_RCY_OS,,,2061,,,,0.0,,,,0.0,0.0,0.0,,,,,,2.1121281568261634,,,,,,
207,1,DDP,,INORG_RCY_OS,,,2062,,,,0.0,,,,0.0,0.0,0.0,,,,,,2.1121281568261634,,,,,,
207,1,DDP,,INORG_RCY_OS,,,2063,,,,0.0,,,,0.0,0.0,0.0,,,,,,2.112128156826163,,,,,,
207,1,DDP,,INORG_RCY_OS,,,2064,,,,0.0,,,,0.0,0.0,0.0,,,,,,2.112128156826163,,,,,,
207,1,DDP,,INORG_RCY_OS,,,2065,,,,0.0,,,,0.0,0.0,0.0,,,,,,2.1121281568261634,,,,,,
207,1,DDP,,INORG_RCY_OS,,,2066,,,,0.0,,,,0.0,0.0,0.0,,,,,,2.1121281568261634,,,,,,
207,1,DDP,,INORG_RCY_OS,,,2067,,,,0.0,,,,0.0,0.0,0.0,,,,,,2.1121281568261634,,,,,,
207,1,DDP,,INORG_RCY_OS,,,2068,,,,0.0,,,,0.0,0.0,0.0,,,,,,2.1121281568261634,,,,,,
207,1,DDP,,INORG_RCY_OS,,,2069,,,,0.0,,,,0.0,0.0,0.0,,,,,,2.112128156826163,,,,,,
207,1,DDP,,INORG_RCY_OS,,,2070,,,,0.0,,,,0.0,0.0,0.0,,,,,,2.1121281568261634,,,,,,
207,1,DDP,,AD,,,2018,,,,0.0,,,,374.5,38.5,0.0,,,,,0.0,0.0,,,,,,
207,1,DDP,,AD,,,2019,,,,0.0,,,,374.5,38.5,0.0,,,,,0.0,0.0,,,,,,
207,1,DDP,,AD,,,2020,,,,0.0,,,,374.5,38.5,0.0,,,,,0.0,0.0,,,,,,
207,1,DDP,,AD,,,2021,,,,0.0,,,,374.5,38.5,0.0,,,,,0.0,0.0,,,,,,
207,1,DDP,,AD,,,2022,,,,0.0,,,,374.5,38.5,0.0,,,,,0.0,0.0,,,,,,
207,1,DDP,,AD,,,2023,,,,0.0,,,,374.5,38.5,0.0,,,,,0.0,0.0,,,,,,
207,1,DDP,,AD,,,2024,,,,0.0,,,,374.5,38.5,0.0,,,,,0.0,0.0,,,,,,
207,1,DDP,,AD,,,2025,,,,0.0,,,,374.5,38.5,0.0,,,,,0.0,0.0,,,,,,
207,1,DDP,,AD,,,2026,,,,0.0,,,,374.5,38.5,0.0,,,,,0.0,0.0,,,,,,
207,1,DDP,,AD,,,2027,,,,0.0,,,,374.5,38.5,0.0,,,,,0.0,0.0,,,,,,
207,1,DDP,,AD,,,2028,,,,0.0,,,,374.5,38.5,0.0,,,,,0.0,0.0,,,,,,
207,1,DDP,,AD,,,2029,,,,0.0,,,,374.5,38.5,0.0,,,,,0.0,0.0,,,,,,
207,1,DDP,,AD,,,2030,,,,0.0,,,,374.5,38.5,0.0,,,,,0.0,0.0,,,,,,
207,1,DDP,,AD,,,2031,,,,0.0,,,,374.5,38.5,0.0,,,,,0.0,0.0,,,,,,
207,1,DDP,,AD,,,2032,,,,0.0,,,,374.5,38.5,0.0,,,,,0.0,0.0,,,,,,
207,1,DDP,,AD,,,2033,,,,0.0,,,,374.5,38.5,0.0,,,,,0.0,0.0,,,,,,
207,1,DDP,,AD,,,2034,,,,0.0,,,,374.5,38.5,0.0,,,,,0.0,0.0,,,,,,
207,1,DDP,,AD,,,2035,,,,0.0,,,,374.5,38.5,0.0,,,,,0.0,0.0,,,,,,
207,1,DDP,,AD,,,2036,,,,0.0,,,,374.5,38.5,0.0,,,,,0.0,0.0,,,,,,
207,1,DDP,,AD,,,2037,,,,0.0,,,,374.5,38.5,0.0,,,,,0.0,0.0,,,,,,
207,1,DDP,,AD,,,2038,,,,0.0,,,,374.5,38.5,0.0,,,,,0.0,0.0,,,,,,
207,1,DDP,,AD,,,2039,,,,0.0,,,,374.5,38.5,0.0,,,,,0.0,0.0,,,,,,
207,1,DDP,,AD,,,2040,,,,0.0,,,,374.5,38.5,0.0,,,,,0.0,0.0,,,,,,
207,1,DDP,,AD,,,2041,,,,0.0,,,,374.5,38.5,0.0,,,,,0.0,0.0,,,,,,
207,1,DDP,,AD,,,2042,,,,0.0,,,,374.5,38.5,0.0,,,,,0.0,0.0,,,,,,
207,1,DDP,,AD,,,2043,,,,0.0,,,,374.5,38.5,0.0,,,,,0.0,0.0,,,,,,
207,1,DDP,,AD,,,2044,,,,0.0,,,,374.5,38.5,0.0,,,,,0.0,0.0,,,,,,
207,1,DDP,,AD,,,2045,,,,0.0,,,,374.5,38.5,0.0,,,,,0.0,0.0,,,,,,
207,1,DDP,,AD,,,2046,,,,0.0,,,,374.5,38.5,0.0,,,,,0.0,0.0,,,,,,
207,1,DDP,,AD,,,2047,,,,0.0,,,,374.5,38.5,0.0,,,,,0.0,0.0,,,,,,
207,1,DDP,,AD,,,2048,,,,0.0,,,,374.5,38.5,0.0,,,,,0.0,0.0,,,,,,
207,1,DDP,,AD,,,2049,,,,0.0,,,,374.5,38.5,0.0,,,,,0.0,0.0,,,,,,
207,1,DDP,,AD,,,2050,,,,0.0,,,,374.5,38.5,0.0,,,,,0.0,0.0,,,,,,
207,1,DDP,,AD,,,2051,,,,0.0,,,,374.5,38.5,0.0,,,,,0.0,0.0,,,,,,
207,1,DDP,,AD,,,2052,,,,0.0,,,,374.5,38.5,0.0,,,,,0.0,0.0,,,,,,
207,1,DDP,,AD,,,2053,,,,0.0,,,,374.5,38.5,0.0,,,,,0.0,0.0,,,,,,
207,1,DDP,,AD,,,2054,,,,0.0,,,,374.5,38.5,0.0,,,,,0.0,0.0,,,,,,
207,1,DDP,,AD,,,2055,,,,0.0,,,,374.5,38.5,0.0,,,,,0.0,0.0,,,,,,
207,1,DDP,,AD,,,2056,,,,0.0,,,,374.5,38.5,0.0,,,,,0.0,0.0,,,,,,
207,1,DDP,,AD,,,2057,,,,0.0,,,,374.5,38.5,0.0,,,,,0.0,0.0,,,,,,
207,1,DDP,,AD,,,2058,,,,0.0,,,,374.5,38.5,0.0,,,,,0.0,0.0,,,,,,
207,1,DDP,,AD,,,2059,,,,0.0,,,,374.5,38.5,0.0,,,,,0.0,0.0,,,,,,
207,1,DDP,,AD,,,2060,,,,0.0,,,,374.5,38.5,0.0,,,,,0.0,0.0,,,,,,
207,1,DDP,,AD,,,2061,,,,0.0,,,,374.5,38.5,0.0,,,,,0.0,0.0,,,,,,
207,1,DDP,,AD,,,2062,,,,0.0,,,,374.5,38.5,0.0,,,,,0.0,0.0,,,,,,
207,1,DDP,,AD,,,2063,,,,0.0,,,,374.5,38.5,0.0,,,,,0.0,0.0,,,,,,
207,1,DDP,,AD,,,2064,,,,0.0,,,,374.5,38.5,0.0,,,,,0.0,0.0,,,,,,
207,1,DDP,,AD,,,2065,,,,0.0,,,,374.5,38.5,0.0,,,,,0.0,0.0,,,,,,
207,1,DDP,,AD,,,2066,,,,0.0,,,,374.5,38.5,0.0,,,,,0.0,0.0,,,,,,
207,1,DDP,,AD,,,2067,,,,0.0,,,,374.5,38.5,0.0,,,,,0.0,0.0,,,,,,
207,1,DDP,,AD,,,2068,,,,0.0,,,,374.5,38.5,0.0,,,,,0.0,0.0,,,,,,
207,1,DDP,,AD,,,2069,,,,0.0,,,,374.5,38.5,0.0,,,,,0.0,0.0,,,,,,
207,1,DDP,,AD,,,2070,,,,0.0,,,,374.5,38.5,0.0,,,,,0.0,0.0,,,,,,
207,1,DDP,,COMPOST,,,2018,,,,0.1261,,,,155.0,47.5,0.0,,,,,,0.1261100874003199,,,,,,
207,1,DDP,,COMPOST,,,2019,,,,0.1198,,,,155.0,47.5,0.0,,,,,,0.12494700237936,,,,,,
207,1,DDP,,COMPOST,,,2020,,,,0.1135,,,,155.0,47.5,0.0,,,,,,0.12519444340566,,,,,,
207,1,DDP,,COMPOST,,,2021,,,,0.1072,,,,155.0,47.5,0.0,,,,,,0.11926941006084,,,,,,
207,1,DDP,,COMPOST,,,2022,,,,0.1009,,,,155.0,47.5,0.0,,,,,,0.1269164185117924,,,,,,
207,1,DDP,,COMPOST,,,2023,,,,0.0946,,,,155.0,47.5,0.0,,,,,,0.134708723607744,,,,,,
207,1,DDP,,COMPOST,,,2024,,,,0.0883,,,,152.5,47.3517,0.0,,,,,,0.19736482033341254,,,,,,
207,1,DDP,,COMPOST,,,2025,,,,0.082,,,,149.9999,47.2034,0.0,,,,,,0.21645686601964972,,,,,,
207,1,DDP,,COMPOST,,,2026,,,,0.0757,,,,147.4999,47.0551,0.0,,,,,,0.23464549213374036,,,,,,
207,1,DDP,,COMPOST,,,2027,,,,0.0694,,,,144.9999,46.9068,0.0,,,,,,0.2523081967712311,,,,,,
207,1,DDP,,COMPOST,,,2028,,,,0.0631,,,,142.4998,46.7585,0.0,,,,,,0.2696378717638505,,,,,,
207,1,DDP,,COMPOST,,,2029,,,,0.0567,,,,139.9998,46.6102,0.0,,,,,,0.28674335590706396,,,,,,
207,1,DDP,,COMPOST,,,2030,,,,0.0504,,,,137.4998,46.4619,0.0,,,,,,0.3036907202847794,,,,,,
207,1,DDP,,COMPOST,,,2031,,,,0.0441,,,,134.9997,46.3136,0.0,,,,,,0.32052239595779336,,,,,,
207,1,DDP,,COMPOST,,,2032,,,,0.0378,,,,132.4997,46.1653,0.0,,,,,,0.33726687878171346,,,,,,
207,1,DDP,,COMPOST,,,2033,,,,0.0315,,,,129.9997,46.017,0.0,,,,,,0.3539440160923035,,,,,,
207,1,DDP,,COMPOST,,,2034,,,,0.0252,,,,127.4996,45.8687,0.0,,,,,,0.3705680563552577,,,,,,
207,1,DDP,,COMPOST,,,2035,,,,0.0189,,,,124.9996,45.7204,0.0,,,,,,0.3871494933835046,,,,,,
207,1,DDP,,COMPOST,,,2036,,,,0.0126,,,,122.4996,45.5721,0.0,,,,,,0.4036962266468151,,,,,,
207,1,DDP,,COMPOST,,,2037,,,,0.0063,,,,119.9995,45.4238,0.0,,,,,,0.4202143163399398,,,,,,
207,1,DDP,,COMPOST,,,2038,,,,0.0,,,,117.4995,45.2755,0.0,,,,,,0.43670848924696765,,,,,,
207,1,DDP,,COMPOST,,,2039,,,,0.0,,,,114.9995,45.1272,0.0,,,,,,0.45318248635424435,,,,,,
207,1,DDP,,COMPOST,,,2040,,,,0.0,,,,112.4995,44.9789,0.0,,,,,,0.46963930710729046,,,,,,
207,1,DDP,,COMPOST,,,2041,,,,0.0,,,,109.9994,44.8306,0.0,,,,,,0.4860813844715231,,,,,,
207,1,DDP,,COMPOST,,,2042,,,,0.0,,,,107.4994,44.6823,0.0,,,,,,0.5025107126355981,,,,,,
207,1,DDP,,COMPOST,,,2043,,,,0.0,,,,104.9994,44.534,0.0,,,,,,0.5189289416589153,,,,,,
207,1,DDP,,COMPOST,,,2044,,,,0.0,,,,102.4993,44.3857,0.0,,,,,,0.5353374486328929,,,,,,
207,1,DDP,,COMPOST,,,2045,,,,0.0,,,,99.9993,44.2374,0.0,,,,,,0.5517373918852748,,,,,,
207,1,DDP,,COMPOST,,,2046,,,,0.0,,,,97.4993,44.0891,0.0,,,,,,0.5681297527616174,,,,,,
207,1,DDP,,COMPOST,,,2047,,,,0.0,,,,94.9992,43.9408,0.0,,,,,,0.5845153681832631,,,,,,
207,1,DDP,,COMPOST,,,2048,,,,0.0,,,,92.4992,43.7925,0.0,,,,,,0.60089495627305,,,,,,
207,1,DDP,,COMPOST,,,2049,,,,0.0,,,,89.9992,43.6442,0.0,,,,,,0.6172691367118318,,,,,,
207,1,DDP,,COMPOST,,,2050,,,,0.0,,,,87.4991,43.4958,0.0,,,,,,0.6336384470478491,,,,,,
207,1,DDP,,COMPOST,,,2051,,,,0.0,,,,84.9991,43.3475,0.0,,,,,,0.633638447047849,,,,,,
207,1,DDP,,COMPOST,,,2052,,,,0.0,,,,82.4991,43.1992,0.0,,,,,,0.6336384470478489,,,,,,
207,1,DDP,,COMPOST,,,2053,,,,0.0,,,,79.999,43.0509,0.0,,,,,,0.6336384470478489,,,,,,
207,1,DDP,,COMPOST,,,2054,,,,0.0,,,,77.499,42.9026,0.0,,,,,,0.633638447047849,,,,,,
207,1,DDP,,COMPOST,,,2055,,,,0.0,,,,74.999,42.7543,0.0,,,,,,0.6336384470478489,,,,,,
207,1,DDP,,COMPOST,,,2056,,,,0.0,,,,72.4989,42.606,0.0,,,,,,0.6336384470478488,,,,,,
207,1,DDP,,COMPOST,,,2057,,,,0.0,,,,69.9989,42.4577,0.0,,,,,,0.633638447047849,,,,,,
207,1,DDP,,COMPOST,,,2058,,,,0.0,,,,67.4989,42.3094,0.0,,,,,,0.633638447047849,,,,,,
207,1,DDP,,COMPOST,,,2059,,,,0.0,,,,64.9988,42.1611,0.0,,,,,,0.633638447047849,,,,,,
207,1,DDP,,COMPOST,,,2060,,,,0.0,,,,62.4988,42.0128,0.0,,,,,,0.6336384470478491,,,,,,
207,1,DDP,,COMPOST,,,2061,,,,0.0,,,,59.9988,41.8645,0.0,,,,,,0.6336384470478489,,,,,,
207,1,DDP,,COMPOST,,,2062,,,,0.0,,,,57.4987,41.7162,0.0,,,,,,0.633638447047849,,,,,,
207,1,DDP,,COMPOST,,,2063,,,,0.0,,,,54.9987,41.5679,0.0,,,,,,0.6336384470478489,,,,,,
207,1,DDP,,COMPOST,,,2064,,,,0.0,,,,52.4987,41.4196,0.0,,,,,,0.6336384470478489,,,,,,
207,1,DDP,,COMPOST,,,2065,,,,0.0,,,,49.9986,41.2713,0.0,,,,,,0.633638447047849,,,,,,
207,1,DDP,,COMPOST,,,2066,,,,0.0,,,,47.4986,41.123,0.0,,,,,,0.6336384470478489,,,,,,
207,1,DDP,,COMPOST,,,2067,,,,0.0,,,,44.9986,40.9747,0.0,,,,,,0.6336384470478489,,,,,,
207,1,DDP,,COMPOST,,,2068,,,,0.0,,,,42.4985,40.8264,0.0,,,,,,0.633638447047849,,,,,,
207,1,DDP,,COMPOST,,,2069,,,,0.0,,,,39.9985,40.6781,0.0,,,,,,0.6336384470478489,,,,,,
207,1,DDP,,COMPOST,,,2070,,,,0.0,,,,37.4985,40.5298,0.0,,,,,,0.6336384470478489,,,,,,
207,1,DDP,,LANDFILL,,,2018,,,,2.3223,,,,136.0,45.0,0.0,,,,,,2.322306572181351,,,,,,
207,1,DDP,,LANDFILL,,,2019,,,,2.2062,,,,136.0,45.0,0.0,,,,,,2.3008884600869,,,,,,
207,1,DDP,,LANDFILL,,,2020,,,,2.0901,,,,136.0,45.0,0.0,,,,,,2.3054450656166354,,,,,,
207,1,DDP,,LANDFILL,,,2021,,,,1.974,,,,136.0,45.0,0.0,,,,,,2.1963360786932453,,,,,,
207,1,DDP,,LANDFILL,,,2022,,,,1.8578,,,,136.0,45.0,0.0,,,,,,2.3371550912659704,,,,,,
207,1,DDP,,LANDFILL,,,2023,,,,1.7417,,,,136.0,45.0,0.0,,,,,,2.48064972924308,,,,,,
207,1,DDP,,LANDFILL,,,2024,,,,1.6256,,,,133.8064,44.8595,0.0,,,,,,2.403746772693659,,,,,,
207,1,DDP,,LANDFILL,,,2025,,,,1.5095,,,,131.6128,44.719,0.0,,,,,,2.388764016849009,,,,,,
207,1,DDP,,LANDFILL,,,2026,,,,1.3934,,,,129.4193,44.5785,0.0,,,,,,2.2936350883912806,,,,,,
207,1,DDP,,LANDFILL,,,2027,,,,1.2773,,,,127.2257,44.438,0.0,,,,,,2.202358003419499,,,,,,
207,1,DDP,,LANDFILL,,,2028,,,,1.1612,,,,125.0321,44.2975,0.0,,,,,,2.114552801009107,,,,,,
207,1,DDP,,LANDFILL,,,2029,,,,1.045,,,,122.8385,44.157,0.0,,,,,,2.02987695727731,,,,,,
207,1,DDP,,LANDFILL,,,2030,,,,0.9289,,,,120.645,44.0165,0.0,,,,,,1.9480598190051226,,,,,,
207,1,DDP,,LANDFILL,,,2031,,,,0.8128,,,,118.4514,43.876,0.0,,,,,,1.9380226980421378,,,,,,
207,1,DDP,,LANDFILL,,,2032,,,,0.6967,,,,116.2578,43.7355,0.0,,,,,,1.927664408653021,,,,,,
207,1,DDP,,LANDFILL,,,2033,,,,0.5806,,,,114.0642,43.595,0.0,,,,,,1.917031428601838,,,,,,
207,1,DDP,,LANDFILL,,,2034,,,,0.4645,,,,111.8707,43.4545,0.0,,,,,,1.906158430864505,,,,,,
207,1,DDP,,LANDFILL,,,2035,,,,0.3483,,,,109.6771,43.314,0.0,,,,,,1.8950866614458945,,,,,,
207,1,DDP,,LANDFILL,,,2036,,,,0.2322,,,,107.4835,43.1735,0.0,,,,,,1.883848949876029,,,,,,
207,1,DDP,,LANDFILL,,,2037,,,,0.1161,,,,105.2899,43.033,0.0,,,,,,1.8724869998416065,,,,,,
207,1,DDP,,LANDFILL,,,2038,,,,0.0,,,,103.0963,42.8926,0.0,,,,,,1.8610294348423089,,,,,,
207,1,DDP,,LANDFILL,,,2039,,,,0.0,,,,100.9028,42.7521,0.0,,,,,,1.8495111710704315,,,,,,
207,1,DDP,,LANDFILL,,,2040,,,,0.0,,,,98.7092,42.6116,0.0,,,,,,1.8379619005084604,,,,,,
207,1,DDP,,LANDFILL,,,2041,,,,0.0,,,,96.5156,42.4711,0.0,,,,,,1.8264029272727382,,,,,,
207,1,DDP,,LANDFILL,,,2042,,,,0.0,,,,94.322,42.3306,0.0,,,,,,1.8148596336193,,,,,,
207,1,DDP,,LANDFILL,,,2043,,,,0.0,,,,92.1285,42.1901,0.0,,,,,,1.8033626069143636,,,,,,
207,1,DDP,,LANDFILL,,,2044,,,,0.0,,,,89.9349,42.0496,0.0,,,,,,1.7919316221457335,,,,,,
207,1,DDP,,LANDFILL,,,2045,,,,0.0,,,,87.7413,41.9091,0.0,,,,,,1.7805966019101918,,,,,,
207,1,DDP,,LANDFILL,,,2046,,,,0.0,,,,85.5477,41.7686,0.0,,,,,,1.7693773333332514,,,,,,
207,1,DDP,,LANDFILL,,,2047,,,,0.0,,,,83.3542,41.6281,0.0,,,,,,1.7582868350802137,,,,,,
207,1,DDP,,LANDFILL,,,2048,,,,0.0,,,,81.1606,41.4876,0.0,,,,,,1.7473571290240908,,,,,,
207,1,DDP,,LANDFILL,,,2049,,,,0.0,,,,78.967,41.3471,0.0,,,,,,1.736599101092976,,,,,,
207,1,DDP,,LANDFILL,,,2050,,,,0.0,,,,76.7734,41.2066,0.0,,,,,,1.7260220969258275,,,,,,
207,1,DDP,,LANDFILL,,,2051,,,,0.0,,,,74.5799,41.0661,0.0,,,,,,1.7406344704277474,,,,,,
207,1,DDP,,LANDFILL,,,2052,,,,0.0,,,,72.3863,40.9256,0.0,,,,,,1.7555885085225373,,,,,,
207,1,DDP,,LANDFILL,,,2053,,,,0.0,,,,70.1927,40.7851,0.0,,,,,,1.7709089820925137,,,,,,
207,1,DDP,,LANDFILL,,,2054,,,,0.0,,,,67.9991,40.6446,0.0,,,,,,1.7866201568506301,,,,,,
207,1,DDP,,LANDFILL,,,2055,,,,0.0,,,,65.8055,40.5041,0.0,,,,,,1.8027458626264123,,,,,,
207,1,DDP,,LANDFILL,,,2056,,,,0.0,,,,63.612,40.3636,0.0,,,,,,1.8193095593478739,,,,,,
207,1,DDP,,LANDFILL,,,2057,,,,0.0,,,,61.4184,40.2231,0.0,,,,,,1.8363344000173916,,,,,,
207,1,DDP,,LANDFILL,,,2058,,,,0.0,,,,59.2248,40.0826,0.0,,,,,,1.8538432909590932,,,,,,
207,1,DDP,,LANDFILL,,,2059,,,,0.0,,,,57.0312,39.9421,0.0,,,,,,1.8718589495962061,,,,,,
207,1,DDP,,LANDFILL,,,2060,,,,0.0,,,,54.8377,39.8016,0.0,,,,,,1.8904039599998663,,,,,,
207,1,DDP,,LANDFILL,,,2061,,,,0.0,,,,52.6441,39.6611,0.0,,,,,,1.9095008264354145,,,,,,
207,1,DDP,,LANDFILL,,,2062,,,,0.0,,,,50.4505,39.5206,0.0,,,,,,1.9291720251179343,,,,,,
207,1,DDP,,LANDFILL,,,2063,,,,0.0,,,,48.2569,39.3801,0.0,,,,,,1.9494400543763826,,,,,,
207,1,DDP,,LANDFILL,,,2064,,,,0.0,,,,46.0634,39.2396,0.0,,,,,,1.9703274834137972,,,,,,
207,1,DDP,,LANDFILL,,,2065,,,,0.0,,,,43.8698,39.0991,0.0,,,,,,1.9918569998408588,,,,,,
207,1,DDP,,LANDFILL,,,2066,,,,0.0,,,,41.6762,38.9587,0.0,,,,,,2.0140514561506757,,,,,,
207,1,DDP,,LANDFILL,,,2067,,,,0.0,,,,39.4826,38.8182,0.0,,,,,,2.036933915294068,,,,,,
207,1,DDP,,LANDFILL,,,2068,,,,0.0,,,,37.289,38.6777,0.0,,,,,,2.0605276955073335,,,,,,
207,1,DDP,,LANDFILL,,,2069,,,,0.0,,,,35.0955,38.5372,0.0,,,,,,2.0848564145374353,,,,,,
207,1,DDP,,LANDFILL,,,2070,,,,0.0,,,,32.9019,38.3967,0.0,,,,,,2.109944033403784,,,,,,
207,1,DDP,,NO_CONTR_OD,,,2018,,,,2.8384,,,,0.0,11.5,0.0,,,,,,2.838374699332761,,,,,,
207,1,DDP,,NO_CONTR_OD,,,2019,,,,2.6965,,,,0.0,11.5,0.0,,,,,,2.8121970067728768,,,,,,
207,1,DDP,,NO_CONTR_OD,,,2020,,,,2.5545,,,,0.0,11.5,0.0,,,,,,2.81776619130922,,,,,,
207,1,DDP,,NO_CONTR_OD,,,2021,,,,2.4126,,,,0.0,11.5,0.0,,,,,,2.6844107628473,,,,,,
207,1,DDP,,NO_CONTR_OD,,,2022,,,,2.2707,,,,0.0,11.5,0.0,,,,,,2.856522889325074,,,,,,
207,1,DDP,,NO_CONTR_OD,,,2023,,,,2.1288,,,,0.0,11.5,0.0,,,,,,3.0319052246304308,,,,,,
207,1,DDP,,NO_CONTR_OD,,,2024,,,,1.9869,,,,0.0,11.4641,0.0,,,,,,2.9379127221811383,,,,,,
207,1,DDP,,NO_CONTR_OD,,,2025,,,,1.8449,,,,0.0,11.4282,0.0,,,,,,2.9196004650376772,,,,,,
207,1,DDP,,NO_CONTR_OD,,,2026,,,,1.703,,,,0.0,11.3923,0.0,,,,,,2.803331774700453,,,,,,
207,1,DDP,,NO_CONTR_OD,,,2027,,,,1.5611,,,,0.0,11.3564,0.0,,,,,,2.6917708930682758,,,,,,
207,1,DDP,,NO_CONTR_OD,,,2028,,,,1.4192,,,,0.0,11.3205,0.0,,,,,,2.5844534234555745,,,,,,
207,1,DDP,,NO_CONTR_OD,,,2029,,,,1.2773,,,,0.0,11.2846,0.0,,,,,,2.4809607255611557,,,,,,
207,1,DDP,,NO_CONTR_OD,,,2030,,,,1.1353,,,,0.0,11.2487,0.0,,,,,,2.3809620010062607,,,,,,
207,1,DDP,,NO_CONTR_OD,,,2031,,,,0.9934,,,,0.0,11.2128,0.0,,,,,,2.368694408718168,,,,,,
207,1,DDP,,NO_CONTR_OD,,,2032,,,,0.8515,,,,0.0,11.1769,0.0,,,,,,2.3560342772425806,,,,,,
207,1,DDP,,NO_CONTR_OD,,,2033,,,,0.7096,,,,0.0,11.141,0.0,,,,,,2.3430384127355786,,,,,,
207,1,DDP,,NO_CONTR_OD,,,2034,,,,0.5677,,,,0.0,11.105,0.0,,,,,,2.3297491932788383,,,,,,
207,1,DDP,,NO_CONTR_OD,,,2035,,,,0.4258,,,,0.0,11.0691,0.0,,,,,,2.3162170306560923,,,,,,
207,1,DDP,,NO_CONTR_OD,,,2036,,,,0.2838,,,,0.0,11.0332,0.0,,,,,,2.3024820498484795,,,,,,
207,1,DDP,,NO_CONTR_OD,,,2037,,,,0.1419,,,,0.0,10.9973,0.0,,,,,,2.28859522202863,,,,,,
207,1,DDP,,NO_CONTR_OD,,,2038,,,,0.0,,,,0.0,10.9614,0.0,,,,,,2.274591531473934,,,,,,
207,1,DDP,,NO_CONTR_OD,,,2039,,,,0.0,,,,0.0,10.9255,0.0,,,,,,2.2605136535305275,,,,,,
207,1,DDP,,NO_CONTR_OD,,,2040,,,,0.0,,,,0.0,10.8896,0.0,,,,,,2.246397878399229,,,,,,
207,1,DDP,,NO_CONTR_OD,,,2041,,,,0.0,,,,0.0,10.8537,0.0,,,,,,2.2322702444444573,,,,,,
207,1,DDP,,NO_CONTR_OD,,,2042,,,,0.0,,,,0.0,10.8178,0.0,,,,,,2.2181617744235886,,,,,,
207,1,DDP,,NO_CONTR_OD,,,2043,,,,0.0,,,,0.0,10.7819,0.0,,,,,,2.204109852895334,,,,,,
207,1,DDP,,NO_CONTR_OD,,,2044,,,,0.0,,,,0.0,10.746,0.0,,,,,,2.1901386492892296,,,,,,
207,1,DDP,,NO_CONTR_OD,,,2045,,,,0.0,,,,0.0,10.7101,0.0,,,,,,2.1762847356680113,,,,,,
207,1,DDP,,NO_CONTR_OD,,,2046,,,,0.0,,,,0.0,10.6742,0.0,,,,,,2.162572296296196,,,,,,
207,1,DDP,,NO_CONTR_OD,,,2047,,,,0.0,,,,0.0,10.6383,0.0,,,,,,2.1490172428758165,,,,,,
207,1,DDP,,NO_CONTR_OD,,,2048,,,,0.0,,,,0.0,10.6024,0.0,,,,,,2.1356587132516665,,,,,,
207,1,DDP,,NO_CONTR_OD,,,2049,,,,0.0,,,,0.0,10.5665,0.0,,,,,,2.1225100124469707,,,,,,
207,1,DDP,,NO_CONTR_OD,,,2050,,,,0.0,,,,0.0,10.5306,0.0,,,,,,2.1095825629093445,,,,,,
207,1,DDP,,NO_CONTR_OD,,,2051,,,,0.0,,,,0.0,10.4947,0.0,,,,,,2.127442130522802,,,,,,
207,1,DDP,,NO_CONTR_OD,,,2052,,,,0.0,,,,0.0,10.4588,0.0,,,,,,2.145719288194212,,,,,,
207,1,DDP,,NO_CONTR_OD,,,2053,,,,0.0,,,,0.0,10.4229,0.0,,,,,,2.1644443114464056,,,,,,
207,1,DDP,,NO_CONTR_OD,,,2054,,,,0.0,,,,0.0,10.387,0.0,,,,,,2.1836468583729918,,,,,,
207,1,DDP,,NO_CONTR_OD,,,2055,,,,0.0,,,,0.0,10.3511,0.0,,,,,,2.203356054321171,,,,,,
207,1,DDP,,NO_CONTR_OD,,,2056,,,,0.0,,,,0.0,10.3151,0.0,,,,,,2.2236005725362906,,,,,,
207,1,DDP,,NO_CONTR_OD,,,2057,,,,0.0,,,,0.0,10.2792,0.0,,,,,,2.2444087111323676,,,,,,
207,1,DDP,,NO_CONTR_OD,,,2058,,,,0.0,,,,0.0,10.2433,0.0,,,,,,2.2658084667277807,,,,,,
207,1,DDP,,NO_CONTR_OD,,,2059,,,,0.0,,,,0.0,10.2074,0.0,,,,,,2.2878276050620294,,,,,,
207,1,DDP,,NO_CONTR_OD,,,2060,,,,0.0,,,,0.0,10.1715,0.0,,,,,,2.310493728888726,,,,,,
207,1,DDP,,NO_CONTR_OD,,,2061,,,,0.0,,,,0.0,10.1356,0.0,,,,,,2.333834343421062,,,,,,
207,1,DDP,,NO_CONTR_OD,,,2062,,,,0.0,,,,0.0,10.0997,0.0,,,,,,2.3578769195885863,,,,,,
207,1,DDP,,NO_CONTR_OD,,,2063,,,,0.0,,,,0.0,10.0638,0.0,,,,,,2.382648955348912,,,,,,
207,1,DDP,,NO_CONTR_OD,,,2064,,,,0.0,,,,0.0,10.0279,0.0,,,,,,2.40817803528353,,,,,,
207,1,DDP,,NO_CONTR_OD,,,2065,,,,0.0,,,,0.0,9.992,0.0,,,,,,2.434491888694383,,,,,,
207,1,DDP,,NO_CONTR_OD,,,2066,,,,0.0,,,,0.0,9.9561,0.0,,,,,,2.4616184464063817,,,,,,
207,1,DDP,,NO_CONTR_OD,,,2067,,,,0.0,,,,0.0,9.9202,0.0,,,,,,2.4895858964705275,,,,,,
207,1,DDP,,NO_CONTR_OD,,,2068,,,,0.0,,,,0.0,9.8843,0.0,,,,,,2.518422738953408,,,,,,
207,1,DDP,,NO_CONTR_OD,,,2069,,,,0.0,,,,0.0,9.8484,0.0,,,,,,2.548157839990199,,,,,,
207,1,DDP,,NO_CONTR_OD,,,2070,,,,0.0,,,,0.0,9.8125,0.0,,,,,,2.578820485271292,,,,,,
207,1,DDP,,WWWOT,,,2018,,,,0.0,,,,0.0,0.0,0.0,,,,,,3.791964132,,,,,,
207,1,DDP,,WWWOT,,,2019,,,,0.0,,,,0.0,0.0,0.0,,,,,,3.75708205395,,,,,,
207,1,DDP,,WWWOT,,,2020,,,,0.0,,,,0.0,0.0,0.0,,,,,,3.8039683087125,,,,,,
207,1,DDP,,WWWOT,,,2021,,,,0.0,,,,0.0,0.0,0.0,,,,,,3.862234093275001,,,,,,
207,1,DDP,,WWWOT,,,2022,,,,0.0,,,,0.0,0.0,0.0,,,,,,4.184096834668967,,,,,,
207,1,DDP,,WWWOT,,,2023,,,,0.0,,,,0.0,0.0,0.0,,,,,,4.512617258524174,,,,,,
207,1,DDP,,WWWOT,,,2024,,,,0.0,,,,0.0,0.0,0.0,,,,,,4.822864302059111,,,,,,
207,1,DDP,,WWWOT,,,2025,,,,0.0,,,,0.0,0.0,0.0,,,,,,5.1057331237043595,,,,,,
207,1,DDP,,WWWOT,,,2026,,,,0.0,,,,0.0,0.0,0.0,,,,,,5.260137418403632,,,,,,
207,1,DDP,,WWWOT,,,2027,,,,0.0,,,,0.0,0.0,0.0,,,,,,5.4182326634151785,,,,,,
207,1,DDP,,WWWOT,,,2028,,,,0.0,,,,0.0,0.0,0.0,,,,,,5.580360765380739,,,,,,
207,1,DDP,,WWWOT,,,2029,,,,0.0,,,,0.0,0.0,0.0,,,,,,5.74684509920045,,,,,,
207,1,DDP,,WWWOT,,,2030,,,,0.0,,,,0.0,0.0,0.0,,,,,,5.918097123575289,,,,,,
207,1,DDP,,WWWOT,,,2031,,,,0.0,,,,0.0,0.0,0.0,,,,,,5.975638374180966,,,,,,
207,1,DDP,,WWWOT,,,2032,,,,0.0,,,,0.0,0.0,0.0,,,,,,6.031253860319006,,,,,,
207,1,DDP,,WWWOT,,,2033,,,,0.0,,,,0.0,0.0,0.0,,,,,,6.085039432489563,,,,,,
207,1,DDP,,WWWOT,,,2034,,,,0.0,,,,0.0,0.0,0.0,,,,,,6.137059105303721,,,,,,
207,1,DDP,,WWWOT,,,2035,,,,0.0,,,,0.0,0.0,0.0,,,,,,6.187392568496808,,,,,,
207,1,DDP,,WWWOT,,,2036,,,,0.0,,,,0.0,0.0,0.0,,,,,,6.236096493523509,,,,,,
207,1,DDP,,WWWOT,,,2037,,,,0.0,,,,0.0,0.0,0.0,,,,,,6.283248807491817,,,,,,
207,1,DDP,,WWWOT,,,2038,,,,0.0,,,,0.0,0.0,0.0,,,,,,6.328892513658194,,,,,,
207,1,DDP,,WWWOT,,,2039,,,,0.0,,,,0.0,0.0,0.0,,,,,,6.373085128826124,,,,,,
207,1,DDP,,WWWOT,,,2040,,,,0.0,,,,0.0,0.0,0.0,,,,,,6.415869313832751,,,,,,
207,1,DDP,,WWWOT,,,2041,,,,0.0,,,,0.0,0.0,0.0,,,,,,6.457265131381623,,,,,,
207,1,DDP,,WWWOT,,,2042,,,,0.0,,,,0.0,0.0,0.0,,,,,,6.497301469709765,,,,,,
207,1,DDP,,WWWOT,,,2043,,,,0.0,,,,0.0,0.0,0.0,,,,,,6.536018525273405,,,,,,
207,1,DDP,,WWWOT,,,2044,,,,0.0,,,,0.0,0.0,0.0,,,,,,6.573427885775233,,,,,,
207,1,DDP,,WWWOT,,,2045,,,,0.0,,,,0.0,0.0,0.0,,,,,,6.609564539938967,,,,,,
207,1,DDP,,WWWOT,,,2046,,,,0.0,,,,0.0,0.0,0.0,,,,,,6.644436627482653,,,,,,
207,1,DDP,,WWWOT,,,2047,,,,0.0,,,,0.0,0.0,0.0,,,,,,6.678034164608924,,,,,,
207,1,DDP,,WWWOT,,,2048,,,,0.0,,,,0.0,0.0,0.0,,,,,,6.710391682564289,,,,,,
207,1,DDP,,WWWOT,,,2049,,,,0.0,,,,0.0,0.0,0.0,,,,,,6.74149044501902,,,,,,
207,1,DDP,,WWWOT,,,2050,,,,0.0,,,,0.0,0.0,0.0,,,,,,6.7713066046861465,,,,,,
207,1,DDP,,WWWOT,,,2051,,,,0.0,,,,0.0,0.0,0.0,,,,,,6.790658230679552,,,,,,
207,1,DDP,,WWWOT,,,2052,,,,0.0,,,,0.0,0.0,0.0,,,,,,6.808474036136786,,,,,,
207,1,DDP,,WWWOT,,,2053,,,,0.0,,,,0.0,0.0,0.0,,,,,,6.824757325054525,,,,,,
207,1,DDP,,WWWOT,,,2054,,,,0.0,,,,0.0,0.0,0.0,,,,,,6.839507370597461,,,,,,
207,1,DDP,,WWWOT,,,2055,,,,0.0,,,,0.0,0.0,0.0,,,,,,6.852719389085593,,,,,,
207,1,DDP,,WWWOT,,,2056,,,,0.0,,,,0.0,0.0,0.0,,,,,,6.864384504662234,,,,,,
207,1,DDP,,WWWOT,,,2057,,,,0.0,,,,0.0,0.0,0.0,,,,,,6.8744897045012365,,,,,,
207,1,DDP,,WWWOT,,,2058,,,,0.0,,,,0.0,0.0,0.0,,,,,,6.883017784388006,,,,,,
207,1,DDP,,WWWOT,,,2059,,,,0.0,,,,0.0,0.0,0.0,,,,,,6.889947284480343,,,,,,
207,1,DDP,,WWWOT,,,2060,,,,0.0,,,,0.0,0.0,0.0,,,,,,6.895252415029211,,,,,,
207,1,DDP,,WWWOT,,,2061,,,,0.0,,,,0.0,0.0,0.0,,,,,,6.898902971811119,,,,,,
207,1,DDP,,WWWOT,,,2062,,,,0.0,,,,0.0,0.0,0.0,,,,,,6.900864240993398,,,,,,
207,1,DDP,,WWWOT,,,2063,,,,0.0,,,,0.0,0.0,0.0,,,,,,6.9010968931257555,,,,,,
207,1,DDP,,WWWOT,,,2064,,,,0.0,,,,0.0,0.0,0.0,,,,,,6.899556865917343,,,,,,
207,1,DDP,,WWWOT,,,2065,,,,0.0,,,,0.0,0.0,0.0,,,,,,6.896195235428737,,,,,,
207,1,DDP,,WWWOT,,,2066,,,,0.0,,,,0.0,0.0,0.0,,,,,,6.890958075271836,,,,,,
207,1,DDP,,WWWOT,,,2067,,,,0.0,,,,0.0,0.0,0.0,,,,,,6.883786303376447,,,,,,
207,1,DDP,,WWWOT,,,2068,,,,0.0,,,,0.0,0.0,0.0,,,,,,6.8746155158455355,,,,,,
207,1,DDP,,WWWOT,,,2069,,,,0.0,,,,0.0,0.0,0.0,,,,,,6.863375807380236,,,,,,
207,1,DDP,,WWWOT,,,2070,,,,0.0,,,,0.0,0.0,0.0,,,,,,6.849991577717674,,,,,,
207,1,DDP,,WWWT,,,2018,,,,0.0,,,,0.0,0.0,0.0,,,,,,0.2527976088,,,,,,
207,1,DDP,,WWWT,,,2019,,,,0.0,,,,0.0,0.0,0.0,,,,,,0.25047213693,,,,,,
207,1,DDP,,WWWT,,,2020,,,,0.0,,,,0.0,0.0,0.0,,,,,,0.2535978872475,,,,,,
207,1,DDP,,WWWT,,,2021,,,,0.0,,,,0.0,0.0,0.0,,,,,,0.257482272885,,,,,,
207,1,DDP,,WWWT,,,2022,,,,0.0,,,,0.0,0.0,0.0,,,,,,0.2789397889779311,,,,,,
207,1,DDP,,WWWT,,,2023,,,,0.0,,,,0.0,0.0,0.0,,,,,,0.3008411505682782,,,,,,
207,1,DDP,,WWWT,,,2024,,,,0.0,,,,0.0,0.0,0.0,,,,,,0.38109826910004374,,,,,,
207,1,DDP,,WWWT,,,2025,,,,0.0,,,,0.0,0.0,0.0,,,,,,0.4693292286413478,,,,,,
207,1,DDP,,WWWT,,,2026,,,,0.0,,,,0.0,0.0,0.0,,,,,,0.49842850622280716,,,,,,
207,1,DDP,,WWWT,,,2027,,,,0.0,,,,0.0,0.0,0.0,,,,,,0.5290737589943892,,,,,,
207,1,DDP,,WWWT,,,2028,,,,0.0,,,,0.0,0.0,0.0,,,,,,0.5613684003759221,,,,,,
207,1,DDP,,WWWT,,,2029,,,,0.0,,,,0.0,0.0,0.0,,,,,,0.5954208926309297,,,,,,
207,1,DDP,,WWWT,,,2030,,,,0.0,,,,0.0,0.0,0.0,,,,,,0.6313561995842337,,,,,,
207,1,DDP,,WWWT,,,2031,,,,0.0,,,,0.0,0.0,0.0,,,,,,0.656251246637336,,,,,,
207,1,DDP,,WWWT,,,2032,,,,0.0,,,,0.0,0.0,0.0,,,,,,0.6816934439824159,,,,,,
207,1,DDP,,WWWT,,,2033,,,,0.0,,,,0.0,0.0,0.0,,,,,,0.7076997331020772,,,,,,
207,1,DDP,,WWWT,,,2034,,,,0.0,,,,0.0,0.0,0.0,,,,,,0.7342847816230764,,,,,,
207,1,DDP,,WWWT,,,2035,,,,0.0,,,,0.0,0.0,0.0,,,,,,0.7614663705200169,,,,,,
207,1,DDP,,WWWT,,,2036,,,,0.0,,,,0.0,0.0,0.0,,,,,,0.7892608368491495,,,,,,
207,1,DDP,,WWWT,,,2037,,,,0.0,,,,0.0,0.0,0.0,,,,,,0.8176885067546587,,,,,,
207,1,DDP,,WWWT,,,2038,,,,0.0,,,,0.0,0.0,0.0,,,,,,0.8467666371561104,,,,,,
207,1,DDP,,WWWT,,,2039,,,,0.0,,,,0.0,0.0,0.0,,,,,,0.8765156542815586,,,,,,
207,1,DDP,,WWWT,,,2040,,,,0.0,,,,0.0,0.0,0.0,,,,,,0.9069553480287167,,,,,,
207,1,DDP,,WWWT,,,2041,,,,0.0,,,,0.0,0.0,0.0,,,,,,0.9381035424613509,,,,,,
207,1,DDP,,WWWT,,,2042,,,,0.0,,,,0.0,0.0,0.0,,,,,,0.9699804123903348,,,,,,
207,1,DDP,,WWWT,,,2043,,,,0.0,,,,0.0,0.0,0.0,,,,,,1.0026091078372732,,,,,,
207,1,DDP,,WWWT,,,2044,,,,0.0,,,,0.0,0.0,0.0,,,,,,1.0360097766158645,,,,,,
207,1,DDP,,WWWT,,,2045,,,,0.0,,,,0.0,0.0,0.0,,,,,,1.0702074619915052,,,,,,
207,1,DDP,,WWWT,,,2046,,,,0.0,,,,0.0,0.0,0.0,,,,,,1.105224330662048,,,,,,
207,1,DDP,,WWWT,,,2047,,,,0.0,,,,0.0,0.0,0.0,,,,,,1.1410806560305131,,,,,,
207,1,DDP,,WWWT,,,2048,,,,0.0,,,,0.0,0.0,0.0,,,,,,1.1778054685332249,,,,,,
207,1,DDP,,WWWT,,,2049,,,,0.0,,,,0.0,0.0,0.0,,,,,,1.21542004952602,,,,,,
207,1,DDP,,WWWT,,,2050,,,,0.0,,,,0.0,0.0,0.0,,,,,,1.2539456675344713,,,,,,
207,1,DDP,,WWWT,,,2051,,,,0.0,,,,0.0,0.0,0.0,,,,,,1.2764395170450304,,,,,,
207,1,DDP,,WWWT,,,2052,,,,0.0,,,,0.0,0.0,0.0,,,,,,1.299327106132972,,,,,,
207,1,DDP,,WWWT,,,2053,,,,0.0,,,,0.0,0.0,0.0,,,,,,1.3226273885764592,,,,,,
207,1,DDP,,WWWT,,,2054,,,,0.0,,,,0.0,0.0,0.0,,,,,,1.3463597186215444,,,,,,
207,1,DDP,,WWWT,,,2055,,,,0.0,,,,0.0,0.0,0.0,,,,,,1.3705438778171186,,,,,,
207,1,DDP,,WWWT,,,2056,,,,0.0,,,,0.0,0.0,0.0,,,,,,1.3952001025736205,,,,,,
207,1,DDP,,WWWT,,,2057,,,,0.0,,,,0.0,0.0,0.0,,,,,,1.4203491125002545,,,,,,
207,1,DDP,,WWWT,,,2058,,,,0.0,,,,0.0,0.0,0.0,,,,,,1.446012139577315,,,,,,
207,1,DDP,,WWWT,,,2059,,,,0.0,,,,0.0,0.0,0.0,,,,,,1.472210958222293,,,,,,
207,1,DDP,,WWWT,,,2060,,,,0.0,,,,0.0,0.0,0.0,,,,,,1.4989679163107001,,,,,,
207,1,DDP,,WWWT,,,2061,,,,0.0,,,,0.0,0.0,0.0,,,,,,1.5263059672148462,,,,,,
207,1,DDP,,WWWT,,,2062,,,,0.0,,,,0.0,0.0,0.0,,,,,,1.5542487029264418,,,,,,
207,1,DDP,,WWWT,,,2063,,,,0.0,,,,0.0,0.0,0.0,,,,,,1.5828203883315906,,,,,,
207,1,DDP,,WWWT,,,2064,,,,0.0,,,,0.0,0.0,0.0,,,,,,1.6120459967096594,,,,,,
207,1,DDP,,WWWT,,,2065,,,,0.0,,,,0.0,0.0,0.0,,,,,,1.6419512465306558,,,,,,
207,1,DDP,,WWWT,,,2066,,,,0.0,,,,0.0,0.0,0.0,,,,,,1.672562639629085,,,,,,
207,1,DDP,,WWWT,,,2067,,,,0.0,,,,0.0,0.0,0.0,,,,,,1.7039075008357576,,,,,,
207,1,DDP,,WWWT,,,2068,,,,0.0,,,,0.0,0.0,0.0,,,,,,1.7360140191529099,,,,,,
207,1,DDP,,WWWT,,,2069,,,,0.0,,,,0.0,0.0,0.0,,,,,,1.7689112905619186,,,,,,
207,1,DDP,,WWWT,,,2070,,,,0.0,,,,0.0,0.0,0.0,,,,,,1.8026293625572827,,,,,,
207,1,DDP,,WFIRU,,,2018,,,,0.0,,,,0.0,0.0,0.0,,,,,0.0,0.0,,,,,,
207,1,DDP,,WFIRU,,,2019,,,,0.0,,,,0.0,0.0,0.0,,,,,0.0,0.0,,,,,,
207,1,DDP,,WFIRU,,,2020,,,,0.0,,,,0.0,0.0,0.0,,,,,0.0,0.0,,,,,,
207,1,DDP,,WFIRU,,,2021,,,,0.0,,,,0.0,0.0,0.0,,,,,0.0,0.0,,,,,,
207,1,DDP,,WFIRU,,,2022,,,,0.0,,,,0.0,0.0,0.0,,,,,0.0,0.0,,,,,,
207,1,DDP,,WFIRU,,,2023,,,,0.0,,,,0.0,0.0,0.0,,,,,0.0,0.0,,,,,,
207,1,DDP,,WFIRU,,,2024,,,,0.0,,,,0.0,0.0,0.0,,,,,0.0,0.0,,,,,,
207,1,DDP,,WFIRU,,,2025,,,,0.0,,,,0.0,0.0,0.0,,,,,0.0,0.0,,,,,,
207,1,DDP,,WFIRU,,,2026,,,,0.0,,,,0.0,0.0,0.0,,,,,0.0,0.0,,,,,,
207,1,DDP,,WFIRU,,,2027,,,,0.0,,,,0.0,0.0,0.0,,,,,0.0,0.0,,,,,,
207,1,DDP,,WFIRU,,,2028,,,,0.0,,,,0.0,0.0,0.0,,,,,0.0,0.0,,,,,,
207,1,DDP,,WFIRU,,,2029,,,,0.0,,,,0.0,0.0,0.0,,,,,0.0,0.0,,,,,,
207,1,DDP,,WFIRU,,,2030,,,,0.0,,,,0.0,0.0,0.0,,,,,0.0,0.0,,,,,,
207,1,DDP,,WFIRU,,,2031,,,,0.0,,,,0.0,0.0,0.0,,,,,0.0,0.0,,,,,,
207,1,DDP,,WFIRU,,,2032,,,,0.0,,,,0.0,0.0,0.0,,,,,0.0,0.0,,,,,,
207,1,DDP,,WFIRU,,,2033,,,,0.0,,,,0.0,0.0,0.0,,,,,0.0,0.0,,,,,,
207,1,DDP,,WFIRU,,,2034,,,,0.0,,,,0.0,0.0,0.0,,,,,0.0,0.0,,,,,,
207,1,DDP,,WFIRU,,,2035,,,,0.0,,,,0.0,0.0,0.0,,,,,0.0,0.0,,,,,,
207,1,DDP,,WFIRU,,,2036,,,,0.0,,,,0.0,0.0,0.0,,,,,0.0,0.0,,,,,,
207,1,DDP,,WFIRU,,,2037,,,,0.0,,,,0.0,0.0,0.0,,,,,0.0,0.0,,,,,,
207,1,DDP,,WFIRU,,,2038,,,,0.0,,,,0.0,0.0,0.0,,,,,0.0,0.0,,,,,,
207,1,DDP,,WFIRU,,,2039,,,,0.0,,,,0.0,0.0,0.0,,,,,0.0,0.0,,,,,,
207,1,DDP,,WFIRU,,,2040,,,,0.0,,,,0.0,0.0,0.0,,,,,0.0,0.0,,,,,,
207,1,DDP,,WFIRU,,,2041,,,,0.0,,,,0.0,0.0,0.0,,,,,0.0,0.0,,,,,,
207,1,DDP,,WFIRU,,,2042,,,,0.0,,,,0.0,0.0,0.0,,,,,0.0,0.0,,,,,,
207,1,DDP,,WFIRU,,,2043,,,,0.0,,,,0.0,0.0,0.0,,,,,0.0,0.0,,,,,,
207,1,DDP,,WFIRU,,,2044,,,,0.0,,,,0.0,0.0,0.0,,,,,0.0,0.0,,,,,,
207,1,DDP,,WFIRU,,,2045,,,,0.0,,,,0.0,0.0,0.0,,,,,0.0,0.0,,,,,,
207,1,DDP,,WFIRU,,,2046,,,,0.0,,,,0.0,0.0,0.0,,,,,0.0,0.0,,,,,,
207,1,DDP,,WFIRU,,,2047,,,,0.0,,,,0.0,0.0,0.0,,,,,0.0,0.0,,,,,,
207,1,DDP,,WFIRU,,,2048,,,,0.0,,,,0.0,0.0,0.0,,,,,0.0,0.0,,,,,,
207,1,DDP,,WFIRU,,,2049,,,,0.0,,,,0.0,0.0,0.0,,,,,0.0,0.0,,,,,,
207,1,DDP,,WFIRU,,,2050,,,,0.0,,,,0.0,0.0,0.0,,,,,0.0,0.0,,,,,,
207,1,DDP,,WFIRU,,,2051,,,,0.0,,,,0.0,0.0,0.0,,,,,0.0,0.0,,,,,,
207,1,DDP,,WFIRU,,,2052,,,,0.0,,,,0.0,0.0,0.0,,,,,0.0,0.0,,,,,,
207,1,DDP,,WFIRU,,,2053,,,,0.0,,,,0.0,0.0,0.0,,,,,0.0,0.0,,,,,,
207,1,DDP,,WFIRU,,,2054,,,,0.0,,,,0.0,0.0,0.0,,,,,0.0,0.0,,,,,,
207,1,DDP,,WFIRU,,,2055,,,,0.0,,,,0.0,0.0,0.0,,,,,0.0,0.0,,,,,,
207,1,DDP,,WFIRU,,,2056,,,,0.0,,,,0.0,0.0,0.0,,,,,0.0,0.0,,,,,,
207,1,DDP,,WFIRU,,,2057,,,,0.0,,,,0.0,0.0,0.0,,,,,0.0,0.0,,,,,,
207,1,DDP,,WFIRU,,,2058,,,,0.0,,,,0.0,0.0,0.0,,,,,0.0,0.0,,,,,,
207,1,DDP,,WFIRU,,,2059,,,,0.0,,,,0.0,0.0,0.0,,,,,0.0,0.0,,,,,,
207,1,DDP,,WFIRU,,,2060,,,,0.0,,,,0.0,0.0,0.0,,,,,0.0,0.0,,,,,,
207,1,DDP,,WFIRU,,,2061,,,,0.0,,,,0.0,0.0,0.0,,,,,0.0,0.0,,,,,,
207,1,DDP,,WFIRU,,,2062,,,,0.0,,,,0.0,0.0,0.0,,,,,0.0,0.0,,,,,,
207,1,DDP,,WFIRU,,,2063,,,,0.0,,,,0.0,0.0,0.0,,,,,0.0,0.0,,,,,,
207,1,DDP,,WFIRU,,,2064,,,,0.0,,,,0.0,0.0,0.0,,,,,0.0,0.0,,,,,,
207,1,DDP,,WFIRU,,,2065,,,,0.0,,,,0.0,0.0,0.0,,,,,0.0,0.0,,,,,,
207,1,DDP,,WFIRU,,,2066,,,,0.0,,,,0.0,0.0,0.0,,,,,0.0,0.0,,,,,,
207,1,DDP,,WFIRU,,,2067,,,,0.0,,,,0.0,0.0,0.0,,,,,0.0,0.0,,,,,,
207,1,DDP,,WFIRU,,,2068,,,,0.0,,,,0.0,0.0,0.0,,,,,0.0,0.0,,,,,,
207,1,DDP,,WFIRU,,,2069,,,,0.0,,,,0.0,0.0,0.0,,,,,0.0,0.0,,,,,,
207,1,DDP,,WFIRU,,,2070,,,,0.0,,,,0.0,0.0,0.0,,,,,0.0,0.0,,,,,,
207,1,DDP,,IWW,,,2018,,,,0.0,,,,0.0,0.0,0.0,,,,,0.88,0.88,,,,,,
207,1,DDP,,IWW,,,2019,,,,0.0,,,,0.0,0.0,0.0,,,,,0.8853,0.8853,,,,,,
207,1,DDP,,IWW,,,2020,,,,0.0,,,,0.0,0.0,0.0,,,,,0.8347,0.8347,,,,,,
207,1,DDP,,IWW,,,2021,,,,0.0,,,,0.0,0.0,0.0,,,,,0.8605,0.8605,,,,,,
207,1,DDP,,IWW,,,2022,,,,0.0,,,,0.0,0.0,0.0,,,,,0.893,0.893,,,,,,
207,1,DDP,,IWW,,,2023,,,,0.0,,,,0.0,0.0,0.0,,,,,0.9123,0.9123,,,,,,
207,1,DDP,,IWW,,,2024,,,,0.0,,,,0.0,0.0,0.0,,,,,0.9486,0.9486,,,,,,
207,1,DDP,,IWW,,,2025,,,,0.0,,,,0.0,0.0,0.0,,,,,0.9647,0.9647,,,,,,
207,1,DDP,,IWW,,,2026,,,,0.0,,,,0.0,0.0,0.0,,,,,0.9953,0.9953,,,,,,
207,1,DDP,,IWW,,,2027,,,,0.0,,,,0.0,0.0,0.0,,,,,1.0171,1.0171,,,,,,
207,1,DDP,,IWW,,,2028,,,,0.0,,,,0.0,0.0,0.0,,,,,1.0541,1.0541,,,,,,
207,1,DDP,,IWW,,,2029,,,,0.0,,,,0.0,0.0,0.0,,,,,1.0665,1.0665,,,,,,
207,1,DDP,,IWW,,,2030,,,,0.0,,,,0.0,0.0,0.0,,,,,1.0996,1.0996,,,,,,
207,1,DDP,,IWW,,,2031,,,,0.0,,,,0.0,0.0,0.0,,,,,1.1246,1.1246,,,,,,
207,1,DDP,,IWW,,,2032,,,,0.0,,,,0.0,0.0,0.0,,,,,1.1596,1.1596,,,,,,
207,1,DDP,,IWW,,,2033,,,,0.0,,,,0.0,0.0,0.0,,,,,1.184,1.184,,,,,,
207,1,DDP,,IWW,,,2034,,,,0.0,,,,0.0,0.0,0.0,,,,,1.2185,1.2185,,,,,,
207,1,DDP,,IWW,,,2035,,,,0.0,,,,0.0,0.0,0.0,,,,,1.239,1.239,,,,,,
207,1,DDP,,IWW,,,2036,,,,0.0,,,,0.0,0.0,0.0,,,,,1.2763,1.2763,,,,,,
207,1,DDP,,IWW,,,2037,,,,0.0,,,,0.0,0.0,0.0,,,,,1.2977,1.2977,,,,,,
207,1,DDP,,IWW,,,2038,,,,0.0,,,,0.0,0.0,0.0,,,,,1.3328,1.3328,,,,,,
207,1,DDP,,IWW,,,2039,,,,0.0,,,,0.0,0.0,0.0,,,,,1.3595,1.3595,,,,,,
207,1,DDP,,IWW,,,2040,,,,0.0,,,,0.0,0.0,0.0,,,,,1.3943,1.3943,,,,,,
207,1,DDP,,IWW,,,2041,,,,0.0,,,,0.0,0.0,0.0,,,,,1.4198,1.4198,,,,,,
207,1,DDP,,IWW,,,2042,,,,0.0,,,,0.0,0.0,0.0,,,,,1.4547,1.4547,,,,,,
207,1,DDP,,IWW,,,2043,,,,0.0,,,,0.0,0.0,0.0,,,,,1.4744,1.4744,,,,,,
207,1,DDP,,IWW,,,2044,,,,0.0,,,,0.0,0.0,0.0,,,,,1.5092,1.5092,,,,,,
207,1,DDP,,IWW,,,2045,,,,0.0,,,,0.0,0.0,0.0,,,,,1.5321,1.5321,,,,,,
207,1,DDP,,IWW,,,2046,,,,0.0,,,,0.0,0.0,0.0,,,,,1.569,1.569,,,,,,
207,1,DDP,,IWW,,,2047,,,,0.0,,,,0.0,0.0,0.0,,,,,1.5932,1.5932,,,,,,
207,1,DDP,,IWW,,,2048,,,,0.0,,,,0.0,0.0,0.0,,,,,1.6231,1.6231,,,,,,
207,1,DDP,,IWW,,,2049,,,,0.0,,,,0.0,0.0,0.0,,,,,1.6484,1.6484,,,,,,
207,1,DDP,,IWW,,,2050,,,,0.0,,,,0.0,0.0,0.0,,,,,1.679,1.679,,,,,,
207,1,DDP,,IWW,,,2051,,,,0.0,,,,0.0,0.0,0.0,,,,,1.7116,1.7116,,,,,,
207,1,DDP,,IWW,,,2052,,,,0.0,,,,0.0,0.0,0.0,,,,,1.7438,1.7438,,,,,,
207,1,DDP,,IWW,,,2053,,,,0.0,,,,0.0,0.0,0.0,,,,,1.7767,1.7767,,,,,,
207,1,DDP,,IWW,,,2054,,,,0.0,,,,0.0,0.0,0.0,,,,,1.8093,1.8093,,,,,,
207,1,DDP,,IWW,,,2055,,,,0.0,,,,0.0,0.0,0.0,,,,,1.8433,1.8433,,,,,,
207,1,DDP,,IWW,,,2056,,,,0.0,,,,0.0,0.0,0.0,,,,,1.8771,1.8771,,,,,,
207,1,DDP,,IWW,,,2057,,,,0.0,,,,0.0,0.0,0.0,,,,,1.912,1.912,,,,,,
207,1,DDP,,IWW,,,2058,,,,0.0,,,,0.0,0.0,0.0,,,,,1.9467,1.9467,,,,,,
207,1,DDP,,IWW,,,2059,,,,0.0,,,,0.0,0.0,0.0,,,,,1.9825,1.9825,,,,,,
207,1,DDP,,IWW,,,2060,,,,0.0,,,,0.0,0.0,0.0,,,,,2.0189,2.0189,,,,,,
207,1,DDP,,IWW,,,2061,,,,0.0,,,,0.0,0.0,0.0,,,,,2.0564,2.0564,,,,,,
207,1,DDP,,IWW,,,2062,,,,0.0,,,,0.0,0.0,0.0,,,,,2.0947,2.0947,,,,,,
207,1,DDP,,IWW,,,2063,,,,0.0,,,,0.0,0.0,0.0,,,,,2.1335,2.1335,,,,,,
207,1,DDP,,IWW,,,2064,,,,0.0,,,,0.0,0.0,0.0,,,,,2.173,2.173,,,,,,
207,1,DDP,,IWW,,,2065,,,,0.0,,,,0.0,0.0,0.0,,,,,2.2132,2.2132,,,,,,
207,1,DDP,,IWW,,,2066,,,,0.0,,,,0.0,0.0,0.0,,,,,2.2541,2.2541,,,,,,
207,1,DDP,,IWW,,,2067,,,,0.0,,,,0.0,0.0,0.0,,,,,2.2957,2.2957,,,,,,
207,1,DDP,,IWW,,,2068,,,,0.0,,,,0.0,0.0,0.0,,,,,2.3381,2.3381,,,,,,
207,1,DDP,,IWW,,,2069,,,,0.0,,,,0.0,0.0,0.0,,,,,2.3812,2.3812,,,,,,
207,1,DDP,,IWW,,,2070,,,,0.0,,,,0.0,0.0,0.0,,,,,2.4253,2.4253,,,,,,
207,1,DDP,,LANDFILL_ELEC,,,2018,,,,0.0,,,,0.0,0.0,0.0,,,,,0.0,0.0,,,,,,
207,1,DDP,,LANDFILL_ELEC,,,2019,,,,0.0,,,,0.0,0.0,0.0,,,,,0.3101639255343929,0.3101639255343929,,,,,,
207,1,DDP,,LANDFILL_ELEC,,,2020,,,,0.0,,,,0.0,0.0,0.0,,,,,0.3101639255343929,0.3101639255343929,,,,,,
207,1,DDP,,LANDFILL_ELEC,,,2021,,,,0.0,,,,0.0,0.0,0.0,,,,,0.3101639255343929,0.3101639255343929,,,,,,
207,1,DDP,,LANDFILL_ELEC,,,2022,,,,0.0,,,,0.0,0.0,0.0,,,,,0.3101639255343929,0.3101639255343929,,,,,,
207,1,DDP,,LANDFILL_ELEC,,,2023,,,,0.0,,,,0.0,0.0,0.0,,,,,0.3101639255343929,0.3101639255343929,,,,,,
207,1,DDP,,LANDFILL_ELEC,,,2024,,,,0.0,,,,0.0,0.0,0.0,,,,,0.3101639255343929,0.3101639255343929,,,,,,
207,1,DDP,,LANDFILL_ELEC,,,2025,,,,0.0,,,,0.0,0.0,0.0,,,,,0.3101639255343929,0.3101639255343929,,,,,,
207,1,DDP,,LANDFILL_ELEC,,,2026,,,,0.0,,,,0.0,0.0,0.0,,,,,0.3101639255343929,0.3101639255343929,,,,,,
207,1,DDP,,LANDFILL_ELEC,,,2027,,,,0.0,,,,0.0,0.0,0.0,,,,,0.3101639255343929,0.3101639255343929,,,,,,
207,1,DDP,,LANDFILL_ELEC,,,2028,,,,0.0,,,,0.0,0.0,0.0,,,,,0.3101639255343929,0.3101639255343929,,,,,,
207,1,DDP,,LANDFILL_ELEC,,,2029,,,,0.0,,,,0.0,0.0,0.0,,,,,0.3101639255343929,0.3101639255343929,,,,,,
207,1,DDP,,LANDFILL_ELEC,,,2030,,,,0.0,,,,0.0,0.0,0.0,,,,,0.3101639255343929,0.3101639255343929,,,,,,
207,1,DDP,,LANDFILL_ELEC,,,2031,,,,0.0,,,,0.0,0.0,0.0,,,,,0.3101639255343929,0.3101639255343929,,,,,,
207,1,DDP,,LANDFILL_ELEC,,,2032,,,,0.0,,,,0.0,0.0,0.0,,,,,0.3101639255343929,0.3101639255343929,,,,,,
207,1,DDP,,LANDFILL_ELEC,,,2033,,,,0.0,,,,0.0,0.0,0.0,,,,,0.3101639255343929,0.3101639255343929,,,,,,
207,1,DDP,,LANDFILL_ELEC,,,2034,,,,0.0,,,,0.0,0.0,0.0,,,,,0.3101639255343929,0.3101639255343929,,,,,,
207,1,DDP,,LANDFILL_ELEC,,,2035,,,,0.0,,,,0.0,0.0,0.0,,,,,0.3101639255343929,0.3101639255343929,,,,,,
207,1,DDP,,LANDFILL_ELEC,,,2036,,,,0.0,,,,0.0,0.0,0.0,,,,,0.3101639255343929,0.3101639255343929,,,,,,
207,1,DDP,,LANDFILL_ELEC,,,2037,,,,0.0,,,,0.0,0.0,0.0,,,,,0.3101639255343929,0.3101639255343929,,,,,,
207,1,DDP,,LANDFILL_ELEC,,,2038,,,,0.0,,,,0.0,0.0,0.0,,,,,0.0,0.0,,,,,,
207,1,DDP,,LANDFILL_ELEC,,,2039,,,,0.0,,,,0.0,0.0,0.0,,,,,0.0,0.0,,,,,,
207,1,DDP,,LANDFILL_ELEC,,,2040,,,,0.0,,,,0.0,0.0,0.0,,,,,0.0,0.0,,,,,,
207,1,DDP,,LANDFILL_ELEC,,,2041,,,,0.0,,,,0.0,0.0,0.0,,,,,0.0,0.0,,,,,,
207,1,DDP,,LANDFILL_ELEC,,,2042,,,,0.0,,,,0.0,0.0,0.0,,,,,0.0,0.0,,,,,,
207,1,DDP,,LANDFILL_ELEC,,,2043,,,,0.0,,,,0.0,0.0,0.0,,,,,0.0,0.0,,,,,,
207,1,DDP,,LANDFILL_ELEC,,,2044,,,,0.0,,,,0.0,0.0,0.0,,,,,0.0,0.0,,,,,,
207,1,DDP,,LANDFILL_ELEC,,,2045,,,,0.0,,,,0.0,0.0,0.0,,,,,0.0,0.0,,,,,,
207,1,DDP,,LANDFILL_ELEC,,,2046,,,,0.0,,,,0.0,0.0,0.0,,,,,0.0,0.0,,,,,,
207,1,DDP,,LANDFILL_ELEC,,,2047,,,,0.0,,,,0.0,0.0,0.0,,,,,0.0,0.0,,,,,,
207,1,DDP,,LANDFILL_ELEC,,,2048,,,,0.0,,,,0.0,0.0,0.0,,,,,0.0,0.0,,,,,,
207,1,DDP,,LANDFILL_ELEC,,,2049,,,,0.0,,,,0.0,0.0,0.0,,,,,0.0,0.0,,,,,,
207,1,DDP,,LANDFILL_ELEC,,,2050,,,,0.0,,,,0.0,0.0,0.0,,,,,0.0,0.0,,,,,,
207,1,DDP,,LANDFILL_ELEC,,,2051,,,,0.0,,,,0.0,0.0,0.0,,,,,0.0,0.0,,,,,,
207,1,DDP,,LANDFILL_ELEC,,,2052,,,,0.0,,,,0.0,0.0,0.0,,,,,0.0,0.0,,,,,,
207,1,DDP,,LANDFILL_ELEC,,,2053,,,,0.0,,,,0.0,0.0,0.0,,,,,0.0,0.0,,,,,,
207,1,DDP,,LANDFILL_ELEC,,,2054,,,,0.0,,,,0.0,0.0,0.0,,,,,0.0,0.0,,,,,,
207,1,DDP,,LANDFILL_ELEC,,,2055,,,,0.0,,,,0.0,0.0,0.0,,,,,0.0,0.0,,,,,,
207,1,DDP,,LANDFILL_ELEC,,,2056,,,,0.0,,,,0.0,0.0,0.0,,,,,0.0,0.0,,,,,,
207,1,DDP,,LANDFILL_ELEC,,,2057,,,,0.0,,,,0.0,0.0,0.0,,,,,0.0,0.0,,,,,,
207,1,DDP,,LANDFILL_ELEC,,,2058,,,,0.0,,,,0.0,0.0,0.0,,,,,0.0,0.0,,,,,,
207,1,DDP,,LANDFILL_ELEC,,,2059,,,,0.0,,,,0.0,0.0,0.0,,,,,0.0,0.0,,,,,,
207,1,DDP,,LANDFILL_ELEC,,,2060,,,,0.0,,,,0.0,0.0,0.0,,,,,0.0,0.0,,,,,,
207,1,DDP,,LANDFILL_ELEC,,,2061,,,,0.0,,,,0.0,0.0,0.0,,,,,0.0,0.0,,,,,,
207,1,DDP,,LANDFILL_ELEC,,,2062,,,,0.0,,,,0.0,0.0,0.0,,,,,0.0,0.0,,,,,,
207,1,DDP,,LANDFILL_ELEC,,,2063,,,,0.0,,,,0.0,0.0,0.0,,,,,0.0,0.0,,,,,,
207,1,DDP,,LANDFILL_ELEC,,,2064,,,,0.0,,,,0.0,0.0,0.0,,,,,0.0,0.0,,,,,,
207,1,DDP,,LANDFILL_ELEC,,,2065,,,,0.0,,,,0.0,0.0,0.0,,,,,0.0,0.0,,,,,,
207,1,DDP,,LANDFILL_ELEC,,,2066,,,,0.0,,,,0.0,0.0,0.0,,,,,0.0,0.0,,,,,,
207,1,DDP,,LANDFILL_ELEC,,,2067,,,,0.0,,,,0.0,0.0,0.0,,,,,0.0,0.0,,,,,,
207,1,DDP,,LANDFILL_ELEC,,,2068,,,,0.0,,,,0.0,0.0,0.0,,,,,0.0,0.0,,,,,,
207,1,DDP,,LANDFILL_ELEC,,,2069,,,,0.0,,,,0.0,0.0,0.0,,,,,0.0,0.0,,,,,,
207,1,DDP,,LANDFILL_ELEC,,,2070,,,,0.0,,,,0.0,0.0,0.0,,,,,0.0,0.0,,,,,,
207,1,DDP,,OSS_INORG,,,2018,,,,0.0,,,,0.0,0.0,0.0,,,,,,0.0568564122855679,,,,,,
207,1,DDP,,OSS_INORG,,,2019,,,,0.0,,,,0.0,0.0,0.0,,,,,,0.056332038360864,,,,,,
207,1,DDP,,OSS_INORG,,,2020,,,,0.0,,,,0.0,0.0,0.0,,,,,,0.056443596518484,,,,,,
207,1,DDP,,OSS_INORG,,,2021,,,,0.0,,,,0.0,0.0,0.0,,,,,,0.053772310298616,,,,,,
207,1,DDP,,OSS_INORG,,,2022,,,,0.0,,,,0.0,0.0,0.0,,,,,,0.0572199446171809,,,,,,
207,1,DDP,,OSS_INORG,,,2023,,,,0.0,,,,0.0,0.0,0.0,,,,,,0.0607330855587456,,,,,,
207,1,DDP,,OSS_INORG,,,2024,,,,0.0,,,,0.0,0.0,0.0,,,,,,0.15094424772054657,,,,,,
207,1,DDP,,OSS_INORG,,,2025,,,,0.0,,,,0.0,0.0,0.0,,,,,,0.22406210725815756,,,,,,
207,1,DDP,,OSS_INORG,,,2026,,,,0.0,,,,0.0,0.0,0.0,,,,,,0.2980833863679152,,,,,,
207,1,DDP,,OSS_INORG,,,2027,,,,0.0,,,,0.0,0.0,0.0,,,,,,0.3726305869542725,,,,,,
207,1,DDP,,OSS_INORG,,,2028,,,,0.0,,,,0.0,0.0,0.0,,,,,,0.44751081718550156,,,,,,
207,1,DDP,,OSS_INORG,,,2029,,,,0.0,,,,0.0,0.0,0.0,,,,,,0.5226152382661361,,,,,,
207,1,DDP,,OSS_INORG,,,2030,,,,0.0,,,,0.0,0.0,0.0,,,,,,0.5978777791122689,,,,,,
207,1,DDP,,OSS_INORG,,,2031,,,,0.0,,,,0.0,0.0,0.0,,,,,,0.6732560086631032,,,,,,
207,1,DDP,,OSS_INORG,,,2032,,,,0.0,,,,0.0,0.0,0.0,,,,,,0.7487214310630311,,,,,,
207,1,DDP,,OSS_INORG,,,2033,,,,0.0,,,,0.0,0.0,0.0,,,,,,0.8242541989762892,,,,,,
207,1,DDP,,OSS_INORG,,,2034,,,,0.0,,,,0.0,0.0,0.0,,,,,,0.8998400639371836,,,,,,
207,1,DDP,,OSS_INORG,,,2035,,,,0.0,,,,0.0,0.0,0.0,,,,,,0.9754685321327843,,,,,,
207,1,DDP,,OSS_INORG,,,2036,,,,0.0,,,,0.0,0.0,0.0,,,,,,1.051131704093322,,,,,,
207,1,DDP,,OSS_INORG,,,2037,,,,0.0,,,,0.0,0.0,0.0,,,,,,1.1268235196240453,,,,,,
207,1,DDP,,OSS_INORG,,,2038,,,,0.0,,,,0.0,0.0,0.0,,,,,,1.2025392519408657,,,,,,
207,1,DDP,,OSS_INORG,,,2039,,,,0.0,,,,0.0,0.0,0.0,,,,,,1.2782751600574371,,,,,,
207,1,DDP,,OSS_INORG,,,2040,,,,0.0,,,,0.0,0.0,0.0,,,,,,1.3540282445282394,,,,,,
207,1,DDP,,OSS_INORG,,,2041,,,,0.0,,,,0.0,0.0,0.0,,,,,,1.4297960723878547,,,,,,
207,1,DDP,,OSS_INORG,,,2042,,,,0.0,,,,0.0,0.0,0.0,,,,,,1.5055766494476284,,,,,,
207,1,DDP,,OSS_INORG,,,2043,,,,0.0,,,,0.0,0.0,0.0,,,,,,1.5813683256481594,,,,,,
207,1,DDP,,OSS_INORG,,,2044,,,,0.0,,,,0.0,0.0,0.0,,,,,,1.6571697238980296,,,,,,
207,1,DDP,,OSS_INORG,,,2045,,,,0.0,,,,0.0,0.0,0.0,,,,,,1.7329796858694964,,,,,,
207,1,DDP,,OSS_INORG,,,2046,,,,0.0,,,,0.0,0.0,0.0,,,,,,1.8087972302170012,,,,,,
207,1,DDP,,OSS_INORG,,,2047,,,,0.0,,,,0.0,0.0,0.0,,,,,,1.8846215200192042,,,,,,
207,1,DDP,,OSS_INORG,,,2048,,,,0.0,,,,0.0,0.0,0.0,,,,,,1.9604518371532658,,,,,,
207,1,DDP,,OSS_INORG,,,2049,,,,0.0,,,,0.0,0.0,0.0,,,,,,2.0362875619383325,,,,,,
207,1,DDP,,OSS_INORG,,,2050,,,,0.0,,,,0.0,0.0,0.0,,,,,,2.1121281568261634,,,,,,
207,1,DDP,,OSS_INORG,,,2051,,,,0.0,,,,0.0,0.0,0.0,,,,,,2.1121281568261634,,,,,,
207,1,DDP,,OSS_INORG,,,2052,,,,0.0,,,,0.0,0.0,0.0,,,,,,2.1121281568261634,,,,,,
207,1,DDP,,OSS_INORG,,,2053,,,,0.0,,,,0.0,0.0,0.0,,,,,,2.112128156826163,,,,,,
207,1,DDP,,OSS_INORG,,,2054,,,,0.0,,,,0.0,0.0,0.0,,,,,,2.1121281568261634,,,,,,
207,1,DDP,,OSS_INORG,,,2055,,,,0.0,,,,0.0,0.0,0.0,,,,,,2.1121281568261634,,,,,,
207,1,DDP,,OSS_INORG,,,2056,,,,0.0,,,,0.0,0.0,0.0,,,,,,2.1121281568261634,,,,,,
207,1,DDP,,OSS_INORG,,,2057,,,,0.0,,,,0.0,0.0,0.0,,,,,,2.1121281568261634,,,,,,
207,1,DDP,,OSS_INORG,,,2058,,,,0.0,,,,0.0,0.0,0.0,,,,,,2.1121281568261634,,,,,,
207,1,DDP,,OSS_INORG,,,2059,,,,0.0,,,,0.0,0.0,0.0,,,,,,2.112128156826164,,,,,,
207,1,DDP,,OSS_INORG,,,2060,,,,0.0,,,,0.0,0.0,0.0,,,,,,2.1121281568261634,,,,,,
207,1,DDP,,OSS_INORG,,,2061,,,,0.0,,,,0.0,0.0,0.0,,,,,,2.1121281568261634,,,,,,
207,1,DDP,,OSS_INORG,,,2062,,,,0.0,,,,0.0,0.0,0.0,,,,,,2.1121281568261634,,,,,,
207,1,DDP,,OSS_INORG,,,2063,,,,0.0,,,,0.0,0.0,0.0,,,,,,2.112128156826163,,,,,,
207,1,DDP,,OSS_INORG,,,2064,,,,0.0,,,,0.0,0.0,0.0,,,,,,2.112128156826163,,,,,,
207,1,DDP,,OSS_INORG,,,2065,,,,0.0,,,,0.0,0.0,0.0,,,,,,2.1121281568261634,,,,,,
207,1,DDP,,OSS_INORG,,,2066,,,,0.0,,,,0.0,0.0,0.0,,,,,,2.1121281568261634,,,,,,
207,1,DDP,,OSS_INORG,,,2067,,,,0.0,,,,0.0,0.0,0.0,,,,,,2.1121281568261634,,,,,,
207,1,DDP,,OSS_INORG,,,2068,,,,0.0,,,,0.0,0.0,0.0,,,,,,2.1121281568261634,,,,,,
207,1,DDP,,OSS_INORG,,,2069,,,,0.0,,,,0.0,0.0,0.0,,,,,,2.112128156826163,,,,,,
207,1,DDP,,OSS_INORG,,,2070,,,,0.0,,,,0.0,0.0,0.0,,,,,,2.1121281568261634,,,,,,
207,1,DDP,,OSS_ORG,,,2018,,,,0.0,,,,0.0,0.0,0.0,,,,,,0.1261100874003199,,,,,,
207,1,DDP,,OSS_ORG,,,2019,,,,0.0,,,,0.0,0.0,0.0,,,,,,0.12494700237936,,,,,,
207,1,DDP,,OSS_ORG,,,2020,,,,0.0,,,,0.0,0.0,0.0,,,,,,0.12519444340566,,,,,,
207,1,DDP,,OSS_ORG,,,2021,,,,0.0,,,,0.0,0.0,0.0,,,,,,0.11926941006084,,,,,,
207,1,DDP,,OSS_ORG,,,2022,,,,0.0,,,,0.0,0.0,0.0,,,,,,0.1269164185117924,,,,,,
207,1,DDP,,OSS_ORG,,,2023,,,,0.0,,,,0.0,0.0,0.0,,,,,,0.134708723607744,,,,,,
207,1,DDP,,OSS_ORG,,,2024,,,,0.0,,,,0.0,0.0,0.0,,,,,,0.19736482033341254,,,,,,
207,1,DDP,,OSS_ORG,,,2025,,,,0.0,,,,0.0,0.0,0.0,,,,,,0.21645686601964972,,,,,,
207,1,DDP,,OSS_ORG,,,2026,,,,0.0,,,,0.0,0.0,0.0,,,,,,0.23464549213374036,,,,,,
207,1,DDP,,OSS_ORG,,,2027,,,,0.0,,,,0.0,0.0,0.0,,,,,,0.2523081967712311,,,,,,
207,1,DDP,,OSS_ORG,,,2028,,,,0.0,,,,0.0,0.0,0.0,,,,,,0.2696378717638505,,,,,,
207,1,DDP,,OSS_ORG,,,2029,,,,0.0,,,,0.0,0.0,0.0,,,,,,0.28674335590706396,,,,,,
207,1,DDP,,OSS_ORG,,,2030,,,,0.0,,,,0.0,0.0,0.0,,,,,,0.3036907202847794,,,,,,
207,1,DDP,,OSS_ORG,,,2031,,,,0.0,,,,0.0,0.0,0.0,,,,,,0.32052239595779336,,,,,,
207,1,DDP,,OSS_ORG,,,2032,,,,0.0,,,,0.0,0.0,0.0,,,,,,0.33726687878171346,,,,,,
207,1,DDP,,OSS_ORG,,,2033,,,,0.0,,,,0.0,0.0,0.0,,,,,,0.3539440160923035,,,,,,
207,1,DDP,,OSS_ORG,,,2034,,,,0.0,,,,0.0,0.0,0.0,,,,,,0.3705680563552577,,,,,,
207,1,DDP,,OSS_ORG,,,2035,,,,0.0,,,,0.0,0.0,0.0,,,,,,0.3871494933835046,,,,,,
207,1,DDP,,OSS_ORG,,,2036,,,,0.0,,,,0.0,0.0,0.0,,,,,,0.4036962266468151,,,,,,
207,1,DDP,,OSS_ORG,,,2037,,,,0.0,,,,0.0,0.0,0.0,,,,,,0.4202143163399398,,,,,,
207,1,DDP,,OSS_ORG,,,2038,,,,0.0,,,,0.0,0.0,0.0,,,,,,0.43670848924696765,,,,,,
207,1,DDP,,OSS_ORG,,,2039,,,,0.0,,,,0.0,0.0,0.0,,,,,,0.45318248635424435,,,,,,
207,1,DDP,,OSS_ORG,,,2040,,,,0.0,,,,0.0,0.0,0.0,,,,,,0.46963930710729046,,,,,,
207,1,DDP,,OSS_ORG,,,2041,,,,0.0,,,,0.0,0.0,0.0,,,,,,0.4860813844715231,,,,,,
207,1,DDP,,OSS_ORG,,,2042,,,,0.0,,,,0.0,0.0,0.0,,,,,,0.5025107126355981,,,,,,
207,1,DDP,,OSS_ORG,,,2043,,,,0.0,,,,0.0,0.0,0.0,,,,,,0.5189289416589153,,,,,,
207,1,DDP,,OSS_ORG,,,2044,,,,0.0,,,,0.0,0.0,0.0,,,,,,0.5353374486328929,,,,,,
207,1,DDP,,OSS_ORG,,,2045,,,,0.0,,,,0.0,0.0,0.0,,,,,,0.5517373918852748,,,,,,
207,1,DDP,,OSS_ORG,,,2046,,,,0.0,,,,0.0,0.0,0.0,,,,,,0.5681297527616174,,,,,,
207,1,DDP,,OSS_ORG,,,2047,,,,0.0,,,,0.0,0.0,0.0,,,,,,0.5845153681832631,,,,,,
207,1,DDP,,OSS_ORG,,,2048,,,,0.0,,,,0.0,0.0,0.0,,,,,,0.60089495627305,,,,,,
207,1,DDP,,OSS_ORG,,,2049,,,,0.0,,,,0.0,0.0,0.0,,,,,,0.6172691367118318,,,,,,
207,1,DDP,,OSS_ORG,,,2050,,,,0.0,,,,0.0,0.0,0.0,,,,,,0.6336384470478491,,,,,,
207,1,DDP,,OSS_ORG,,,2051,,,,0.0,,,,0.0,0.0,0.0,,,,,,0.633638447047849,,,,,,
207,1,DDP,,OSS_ORG,,,2052,,,,0.0,,,,0.0,0.0,0.0,,,,,,0.6336384470478489,,,,,,
207,1,DDP,,OSS_ORG,,,2053,,,,0.0,,,,0.0,0.0,0.0,,,,,,0.6336384470478489,,,,,,
207,1,DDP,,OSS_ORG,,,2054,,,,0.0,,,,0.0,0.0,0.0,,,,,,0.633638447047849,,,,,,
207,1,DDP,,OSS_ORG,,,2055,,,,0.0,,,,0.0,0.0,0.0,,,,,,0.6336384470478489,,,,,,
207,1,DDP,,OSS_ORG,,,2056,,,,0.0,,,,0.0,0.0,0.0,,,,,,0.6336384470478488,,,,,,
207,1,DDP,,OSS_ORG,,,2057,,,,0.0,,,,0.0,0.0,0.0,,,,,,0.633638447047849,,,,,,
207,1,DDP,,OSS_ORG,,,2058,,,,0.0,,,,0.0,0.0,0.0,,,,,,0.633638447047849,,,,,,
207,1,DDP,,OSS_ORG,,,2059,,,,0.0,,,,0.0,0.0,0.0,,,,,,0.633638447047849,,,,,,
207,1,DDP,,OSS_ORG,,,2060,,,,0.0,,,,0.0,0.0,0.0,,,,,,0.6336384470478491,,,,,,
207,1,DDP,,OSS_ORG,,,2061,,,,0.0,,,,0.0,0.0,0.0,,,,,,0.6336384470478489,,,,,,
207,1,DDP,,OSS_ORG,,,2062,,,,0.0,,,,0.0,0.0,0.0,,,,,,0.633638447047849,,,,,,
207,1,DDP,,OSS_ORG,,,2063,,,,0.0,,,,0.0,0.0,0.0,,,,,,0.6336384470478489,,,,,,
207,1,DDP,,OSS_ORG,,,2064,,,,0.0,,,,0.0,0.0,0.0,,,,,,0.6336384470478489,,,,,,
207,1,DDP,,OSS_ORG,,,2065,,,,0.0,,,,0.0,0.0,0.0,,,,,,0.633638447047849,,,,,,
207,1,DDP,,OSS_ORG,,,2066,,,,0.0,,,,0.0,0.0,0.0,,,,,,0.6336384470478489,,,,,,
207,1,DDP,,OSS_ORG,,,2067,,,,0.0,,,,0.0,0.0,0.0,,,,,,0.6336384470478489,,,,,,
207,1,DDP,,OSS_ORG,,,2068,,,,0.0,,,,0.0,0.0,0.0,,,,,,0.633638447047849,,,,,,
207,1,DDP,,OSS_ORG,,,2069,,,,0.0,,,,0.0,0.0,0.0,,,,,,0.6336384470478489,,,,,,
207,1,DDP,,OSS_ORG,,,2070,,,,0.0,,,,0.0,0.0,0.0,,,,,,0.6336384470478489,,,,,,
207,1,DDP,,NO_OSS_BLEND,,,2018,,,,0.0,,,,0.0,0.0,0.0,,,,,,5.160681271514112,,,,,,
207,1,DDP,,NO_OSS_BLEND,,,2019,,,,0.0,,,,0.0,0.0,0.0,,,,,,5.1130854668597765,,,,,,
207,1,DDP,,NO_OSS_BLEND,,,2020,,,,0.0,,,,0.0,0.0,0.0,,,,,,5.123211256925856,,,,,,
207,1,DDP,,NO_OSS_BLEND,,,2021,,,,0.0,,,,0.0,0.0,0.0,,,,,,4.880746841540544,,,,,,
207,1,DDP,,NO_OSS_BLEND,,,2022,,,,0.0,,,,0.0,0.0,0.0,,,,,,5.193677980591045,,,,,,
207,1,DDP,,NO_OSS_BLEND,,,2023,,,,0.0,,,,0.0,0.0,0.0,,,,,,5.512554953873512,,,,,,
207,1,DDP,,NO_OSS_BLEND,,,2024,,,,0.0,,,,0.0,0.0,0.0,,,,,,5.341659494874798,,,,,,
207,1,DDP,,NO_OSS_BLEND,,,2025,,,,0.0,,,,0.0,0.0,0.0,,,,,,5.308364481886685,,,,,,
207,1,DDP,,NO_OSS_BLEND,,,2026,,,,0.0,,,,0.0,0.0,0.0,,,,,,5.096966863091733,,,,,,
207,1,DDP,,NO_OSS_BLEND,,,2027,,,,0.0,,,,0.0,0.0,0.0,,,,,,4.894128896487776,,,,,,
207,1,DDP,,NO_OSS_BLEND,,,2028,,,,0.0,,,,0.0,0.0,0.0,,,,,,4.699006224464682,,,,,,
207,1,DDP,,NO_OSS_BLEND,,,2029,,,,0.0,,,,0.0,0.0,0.0,,,,,,4.510837682838465,,,,,,
207,1,DDP,,NO_OSS_BLEND,,,2030,,,,0.0,,,,0.0,0.0,0.0,,,,,,4.329021820011383,,,,,,
207,1,DDP,,NO_OSS_BLEND,,,2031,,,,0.0,,,,0.0,0.0,0.0,,,,,,4.306717106760306,,,,,,
207,1,DDP,,NO_OSS_BLEND,,,2032,,,,0.0,,,,0.0,0.0,0.0,,,,,,4.283698685895602,,,,,,
207,1,DDP,,NO_OSS_BLEND,,,2033,,,,0.0,,,,0.0,0.0,0.0,,,,,,4.260069841337415,,,,,,
207,1,DDP,,NO_OSS_BLEND,,,2034,,,,0.0,,,,0.0,0.0,0.0,,,,,,4.235907624143343,,,,,,
207,1,DDP,,NO_OSS_BLEND,,,2035,,,,0.0,,,,0.0,0.0,0.0,,,,,,4.211303692101988,,,,,,
207,1,DDP,,NO_OSS_BLEND,,,2036,,,,0.0,,,,0.0,0.0,0.0,,,,,,4.1863309997245075,,,,,,
207,1,DDP,,NO_OSS_BLEND,,,2037,,,,0.0,,,,0.0,0.0,0.0,,,,,,4.161082221870236,,,,,,
207,1,DDP,,NO_OSS_BLEND,,,2038,,,,0.0,,,,0.0,0.0,0.0,,,,,,4.135620966316242,,,,,,
207,1,DDP,,NO_OSS_BLEND,,,2039,,,,0.0,,,,0.0,0.0,0.0,,,,,,4.110024824600958,,,,,,
207,1,DDP,,NO_OSS_BLEND,,,2040,,,,0.0,,,,0.0,0.0,0.0,,,,,,4.0843597789076895,,,,,,
207,1,DDP,,NO_OSS_BLEND,,,2041,,,,0.0,,,,0.0,0.0,0.0,,,,,,4.058673171717196,,,,,,
207,1,DDP,,NO_OSS_BLEND,,,2042,,,,0.0,,,,0.0,0.0,0.0,,,,,,4.033021408042888,,,,,,
207,1,DDP,,NO_OSS_BLEND,,,2043,,,,0.0,,,,0.0,0.0,0.0,,,,,,4.007472459809697,,,,,,
207,1,DDP,,NO_OSS_BLEND,,,2044,,,,0.0,,,,0.0,0.0,0.0,,,,,,3.982070271434964,,,,,,
207,1,DDP,,NO_OSS_BLEND,,,2045,,,,0.0,,,,0.0,0.0,0.0,,,,,,3.956881337578202,,,,,,
207,1,DDP,,NO_OSS_BLEND,,,2046,,,,0.0,,,,0.0,0.0,0.0,,,,,,3.9319496296294467,,,,,,
207,1,DDP,,NO_OSS_BLEND,,,2047,,,,0.0,,,,0.0,0.0,0.0,,,,,,3.9073040779560295,,,,,,
207,1,DDP,,NO_OSS_BLEND,,,2048,,,,0.0,,,,0.0,0.0,0.0,,,,,,3.8830158422757584,,,,,,
207,1,DDP,,NO_OSS_BLEND,,,2049,,,,0.0,,,,0.0,0.0,0.0,,,,,,3.8591091135399465,,,,,,
207,1,DDP,,NO_OSS_BLEND,,,2050,,,,0.0,,,,0.0,0.0,0.0,,,,,,3.835604659835172,,,,,,
207,1,DDP,,NO_OSS_BLEND,,,2051,,,,0.0,,,,0.0,0.0,0.0,,,,,,3.8680766009505496,,,,,,
207,1,DDP,,NO_OSS_BLEND,,,2052,,,,0.0,,,,0.0,0.0,0.0,,,,,,3.901307796716749,,,,,,
207,1,DDP,,NO_OSS_BLEND,,,2053,,,,0.0,,,,0.0,0.0,0.0,,,,,,3.935353293538919,,,,,,
207,1,DDP,,NO_OSS_BLEND,,,2054,,,,0.0,,,,0.0,0.0,0.0,,,,,,3.9702670152236217,,,,,,
207,1,DDP,,NO_OSS_BLEND,,,2055,,,,0.0,,,,0.0,0.0,0.0,,,,,,4.006101916947583,,,,,,
207,1,DDP,,NO_OSS_BLEND,,,2056,,,,0.0,,,,0.0,0.0,0.0,,,,,,4.042910131884164,,,,,,
207,1,DDP,,NO_OSS_BLEND,,,2057,,,,0.0,,,,0.0,0.0,0.0,,,,,,4.080743111149759,,,,,,
207,1,DDP,,NO_OSS_BLEND,,,2058,,,,0.0,,,,0.0,0.0,0.0,,,,,,4.119651757686873,,,,,,
207,1,DDP,,NO_OSS_BLEND,,,2059,,,,0.0,,,,0.0,0.0,0.0,,,,,,4.159686554658235,,,,,,
207,1,DDP,,NO_OSS_BLEND,,,2060,,,,0.0,,,,0.0,0.0,0.0,,,,,,4.200897688888592,,,,,,
207,1,DDP,,NO_OSS_BLEND,,,2061,,,,0.0,,,,0.0,0.0,0.0,,,,,,4.243335169856477,,,,,,
207,1,DDP,,NO_OSS_BLEND,,,2062,,,,0.0,,,,0.0,0.0,0.0,,,,,,4.28704894470652,,,,,,
207,1,DDP,,NO_OSS_BLEND,,,2063,,,,0.0,,,,0.0,0.0,0.0,,,,,,4.332089009725294,,,,,,
207,1,DDP,,NO_OSS_BLEND,,,2064,,,,0.0,,,,0.0,0.0,0.0,,,,,,4.3785055186973265,,,,,,
207,1,DDP,,NO_OSS_BLEND,,,2065,,,,0.0,,,,0.0,0.0,0.0,,,,,,4.426348888535242,,,,,,
207,1,DDP,,NO_OSS_BLEND,,,2066,,,,0.0,,,,0.0,0.0,0.0,,,,,,4.475669902557058,,,,,,
207,1,DDP,,NO_OSS_BLEND,,,2067,,,,0.0,,,,0.0,0.0,0.0,,,,,,4.5265198117645955,,,,,,
207,1,DDP,,NO_OSS_BLEND,,,2068,,,,0.0,,,,0.0,0.0,0.0,,,,,,4.57895043446074,,,,,,
207,1,DDP,,NO_OSS_BLEND,,,2069,,,,0.0,,,,0.0,0.0,0.0,,,,,,4.633014254527634,,,,,,
207,1,DDP,,NO_OSS_BLEND,,,2070,,,,0.0,,,,0.0,0.0,0.0,,,,,,4.688764518675075,,,,,,
207,1,DDP,,INORG_DCOLL,,,2018,,,,0.0,,,,0.0,61.0,0.0,,,,,,0.0568564122855679,,,,,,
207,1,DDP,,INORG_DCOLL,,,2019,,,,0.0,,,,0.0,61.0,0.0,,,,,,0.056332038360864,,,,,,
207,1,DDP,,INORG_DCOLL,,,2020,,,,0.0,,,,0.0,61.0,0.0,,,,,,0.056443596518484,,,,,,
207,1,DDP,,INORG_DCOLL,,,2021,,,,0.0,,,,0.0,61.0,0.0,,,,,,0.053772310298616,,,,,,
207,1,DDP,,INORG_DCOLL,,,2022,,,,0.0,,,,0.0,61.0,0.0,,,,,,0.0572199446171809,,,,,,
207,1,DDP,,INORG_DCOLL,,,2023,,,,0.0,,,,0.0,61.0,0.0,,,,,,0.0607330855587456,,,,,,
207,1,DDP,,INORG_DCOLL,,,2024,,,,0.0,,,,0.0,60.8095,0.0,,,,,,0.15094424772054657,,,,,,
207,1,DDP,,INORG_DCOLL,,,2025,,,,0.0,,,,0.0,60.6191,0.0,,,,,,0.22406210725815756,,,,,,
207,1,DDP,,INORG_DCOLL,,,2026,,,,0.0,,,,0.0,60.4286,0.0,,,,,,0.2980833863679152,,,,,,
207,1,DDP,,INORG_DCOLL,,,2027,,,,0.0,,,,0.0,60.2382,0.0,,,,,,0.3726305869542725,,,,,,
207,1,DDP,,INORG_DCOLL,,,2028,,,,0.0,,,,0.0,60.0477,0.0,,,,,,0.44751081718550156,,,,,,
207,1,DDP,,INORG_DCOLL,,,2029,,,,0.0,,,,0.0,59.8573,0.0,,,,,,0.5226152382661361,,,,,,
207,1,DDP,,INORG_DCOLL,,,2030,,,,0.0,,,,0.0,59.6668,0.0,,,,,,0.5978777791122689,,,,,,
207,1,DDP,,INORG_DCOLL,,,2031,,,,0.0,,,,0.0,59.4764,0.0,,,,,,0.6732560086631032,,,,,,
207,1,DDP,,INORG_DCOLL,,,2032,,,,0.0,,,,0.0,59.2859,0.0,,,,,,0.7487214310630311,,,,,,
207,1,DDP,,INORG_DCOLL,,,2033,,,,0.0,,,,0.0,59.0955,0.0,,,,,,0.8242541989762892,,,,,,
207,1,DDP,,INORG_DCOLL,,,2034,,,,0.0,,,,0.0,58.905,0.0,,,,,,0.8998400639371836,,,,,,
207,1,DDP,,INORG_DCOLL,,,2035,,,,0.0,,,,0.0,58.7146,0.0,,,,,,0.9754685321327843,,,,,,
207,1,DDP,,INORG_DCOLL,,,2036,,,,0.0,,,,0.0,58.5241,0.0,,,,,,1.051131704093322,,,,,,
207,1,DDP,,INORG_DCOLL,,,2037,,,,0.0,,,,0.0,58.3337,0.0,,,,,,1.1268235196240453,,,,,,
207,1,DDP,,INORG_DCOLL,,,2038,,,,0.0,,,,0.0,58.1432,0.0,,,,,,1.2025392519408657,,,,,,
207,1,DDP,,INORG_DCOLL,,,2039,,,,0.0,,,,0.0,57.9528,0.0,,,,,,1.2782751600574371,,,,,,
207,1,DDP,,INORG_DCOLL,,,2040,,,,0.0,,,,0.0,57.7623,0.0,,,,,,1.3540282445282394,,,,,,
207,1,DDP,,INORG_DCOLL,,,2041,,,,0.0,,,,0.0,57.5719,0.0,,,,,,1.4297960723878547,,,,,,
207,1,DDP,,INORG_DCOLL,,,2042,,,,0.0,,,,0.0,57.3814,0.0,,,,,,1.5055766494476284,,,,,,
207,1,DDP,,INORG_DCOLL,,,2043,,,,0.0,,,,0.0,57.191,0.0,,,,,,1.5813683256481594,,,,,,
207,1,DDP,,INORG_DCOLL,,,2044,,,,0.0,,,,0.0,57.0005,0.0,,,,,,1.6571697238980296,,,,,,
207,1,DDP,,INORG_DCOLL,,,2045,,,,0.0,,,,0.0,56.8101,0.0,,,,,,1.7329796858694964,,,,,,
207,1,DDP,,INORG_DCOLL,,,2046,,,,0.0,,,,0.0,56.6196,0.0,,,,,,1.8087972302170012,,,,,,
207,1,DDP,,INORG_DCOLL,,,2047,,,,0.0,,,,0.0,56.4292,0.0,,,,,,1.8846215200192042,,,,,,
207,1,DDP,,INORG_DCOLL,,,2048,,,,0.0,,,,0.0,56.2387,0.0,,,,,,1.9604518371532658,,,,,,
207,1,DDP,,INORG_DCOLL,,,2049,,,,0.0,,,,0.0,56.0483,0.0,,,,,,2.0362875619383325,,,,,,
207,1,DDP,,INORG_DCOLL,,,2050,,,,0.0,,,,0.0,55.8578,0.0,,,,,,2.1121281568261634,,,,,,
207,1,DDP,,INORG_DCOLL,,,2051,,,,0.0,,,,0.0,55.6674,0.0,,,,,,2.1121281568261634,,,,,,
207,1,DDP,,INORG_DCOLL,,,2052,,,,0.0,,,,0.0,55.4769,0.0,,,,,,2.1121281568261634,,,,,,
207,1,DDP,,INORG_DCOLL,,,2053,,,,0.0,,,,0.0,55.2865,0.0,,,,,,2.112128156826163,,,,,,
207,1,DDP,,INORG_DCOLL,,,2054,,,,0.0,,,,0.0,55.096,0.0,,,,,,2.1121281568261634,,,,,,
207,1,DDP,,INORG_DCOLL,,,2055,,,,0.0,,,,0.0,54.9056,0.0,,,,,,2.1121281568261634,,,,,,
207,1,DDP,,INORG_DCOLL,,,2056,,,,0.0,,,,0.0,54.7151,0.0,,,,,,2.1121281568261634,,,,,,
207,1,DDP,,INORG_DCOLL,,,2057,,,,0.0,,,,0.0,54.5247,0.0,,,,,,2.1121281568261634,,,,,,
207,1,DDP,,INORG_DCOLL,,,2058,,,,0.0,,,,0.0,54.3342,0.0,,,,,,2.1121281568261634,,,,,,
207,1,DDP,,INORG_DCOLL,,,2059,,,,0.0,,,,0.0,54.1438,0.0,,,,,,2.112128156826164,,,,,,
207,1,DDP,,INORG_DCOLL,,,2060,,,,0.0,,,,0.0,53.9533,0.0,,,,,,2.1121281568261634,,,,,,
207,1,DDP,,INORG_DCOLL,,,2061,,,,0.0,,,,0.0,53.7629,0.0,,,,,,2.1121281568261634,,,,,,
207,1,DDP,,INORG_DCOLL,,,2062,,,,0.0,,,,0.0,53.5724,0.0,,,,,,2.1121281568261634,,,,,,
207,1,DDP,,INORG_DCOLL,,,2063,,,,0.0,,,,0.0,53.382,0.0,,,,,,2.112128156826163,,,,,,
207,1,DDP,,INORG_DCOLL,,,2064,,,,0.0,,,,0.0,53.1915,0.0,,,,,,2.112128156826163,,,,,,
207,1,DDP,,INORG_DCOLL,,,2065,,,,0.0,,,,0.0,53.0011,0.0,,,,,,2.1121281568261634,,,,,,
207,1,DDP,,INORG_DCOLL,,,2066,,,,0.0,,,,0.0,52.8106,0.0,,,,,,2.1121281568261634,,,,,,
207,1,DDP,,INORG_DCOLL,,,2067,,,,0.0,,,,0.0,52.6202,0.0,,,,,,2.1121281568261634,,,,,,
207,1,DDP,,INORG_DCOLL,,,2068,,,,0.0,,,,0.0,52.4297,0.0,,,,,,2.1121281568261634,,,,,,
207,1,DDP,,INORG_DCOLL,,,2069,,,,0.0,,,,0.0,52.2393,0.0,,,,,,2.112128156826163,,,,,,
207,1,DDP,,INORG_DCOLL,,,2070,,,,0.0,,,,0.0,52.0488,0.0,,,,,,2.1121281568261634,,,,,,
207,1,DDP,,ORG_DCOLL,,,2018,,,,0.0,,,,0.0,61.0,0.0,,,,,,0.1261100874003199,,,,,,
207,1,DDP,,ORG_DCOLL,,,2019,,,,0.0,,,,0.0,61.0,0.0,,,,,,0.12494700237936,,,,,,
207,1,DDP,,ORG_DCOLL,,,2020,,,,0.0,,,,0.0,61.0,0.0,,,,,,0.12519444340566,,,,,,
207,1,DDP,,ORG_DCOLL,,,2021,,,,0.0,,,,0.0,61.0,0.0,,,,,,0.11926941006084,,,,,,
207,1,DDP,,ORG_DCOLL,,,2022,,,,0.0,,,,0.0,61.0,0.0,,,,,,0.1269164185117924,,,,,,
207,1,DDP,,ORG_DCOLL,,,2023,,,,0.0,,,,0.0,61.0,0.0,,,,,,0.134708723607744,,,,,,
207,1,DDP,,ORG_DCOLL,,,2024,,,,0.0,,,,0.0,60.8095,0.0,,,,,,0.19736482033341254,,,,,,
207,1,DDP,,ORG_DCOLL,,,2025,,,,0.0,,,,0.0,60.6191,0.0,,,,,,0.21645686601964972,,,,,,
207,1,DDP,,ORG_DCOLL,,,2026,,,,0.0,,,,0.0,60.4286,0.0,,,,,,0.23464549213374036,,,,,,
207,1,DDP,,ORG_DCOLL,,,2027,,,,0.0,,,,0.0,60.2382,0.0,,,,,,0.2523081967712311,,,,,,
207,1,DDP,,ORG_DCOLL,,,2028,,,,0.0,,,,0.0,60.0477,0.0,,,,,,0.2696378717638505,,,,,,
207,1,DDP,,ORG_DCOLL,,,2029,,,,0.0,,,,0.0,59.8573,0.0,,,,,,0.28674335590706396,,,,,,
207,1,DDP,,ORG_DCOLL,,,2030,,,,0.0,,,,0.0,59.6668,0.0,,,,,,0.3036907202847794,,,,,,
207,1,DDP,,ORG_DCOLL,,,2031,,,,0.0,,,,0.0,59.4764,0.0,,,,,,0.32052239595779336,,,,,,
207,1,DDP,,ORG_DCOLL,,,2032,,,,0.0,,,,0.0,59.2859,0.0,,,,,,0.33726687878171346,,,,,,
207,1,DDP,,ORG_DCOLL,,,2033,,,,0.0,,,,0.0,59.0955,0.0,,,,,,0.3539440160923035,,,,,,
207,1,DDP,,ORG_DCOLL,,,2034,,,,0.0,,,,0.0,58.905,0.0,,,,,,0.3705680563552577,,,,,,
207,1,DDP,,ORG_DCOLL,,,2035,,,,0.0,,,,0.0,58.7146,0.0,,,,,,0.3871494933835046,,,,,,
207,1,DDP,,ORG_DCOLL,,,2036,,,,0.0,,,,0.0,58.5241,0.0,,,,,,0.4036962266468151,,,,,,
207,1,DDP,,ORG_DCOLL,,,2037,,,,0.0,,,,0.0,58.3337,0.0,,,,,,0.4202143163399398,,,,,,
207,1,DDP,,ORG_DCOLL,,,2038,,,,0.0,,,,0.0,58.1432,0.0,,,,,,0.43670848924696765,,,,,,
207,1,DDP,,ORG_DCOLL,,,2039,,,,0.0,,,,0.0,57.9528,0.0,,,,,,0.45318248635424435,,,,,,
207,1,DDP,,ORG_DCOLL,,,2040,,,,0.0,,,,0.0,57.7623,0.0,,,,,,0.46963930710729046,,,,,,
207,1,DDP,,ORG_DCOLL,,,2041,,,,0.0,,,,0.0,57.5719,0.0,,,,,,0.4860813844715231,,,,,,
207,1,DDP,,ORG_DCOLL,,,2042,,,,0.0,,,,0.0,57.3814,0.0,,,,,,0.5025107126355981,,,,,,
207,1,DDP,,ORG_DCOLL,,,2043,,,,0.0,,,,0.0,57.191,0.0,,,,,,0.5189289416589153,,,,,,
207,1,DDP,,ORG_DCOLL,,,2044,,,,0.0,,,,0.0,57.0005,0.0,,,,,,0.5353374486328929,,,,,,
207,1,DDP,,ORG_DCOLL,,,2045,,,,0.0,,,,0.0,56.8101,0.0,,,,,,0.5517373918852748,,,,,,
207,1,DDP,,ORG_DCOLL,,,2046,,,,0.0,,,,0.0,56.6196,0.0,,,,,,0.5681297527616174,,,,,,
207,1,DDP,,ORG_DCOLL,,,2047,,,,0.0,,,,0.0,56.4292,0.0,,,,,,0.5845153681832631,,,,,,
207,1,DDP,,ORG_DCOLL,,,2048,,,,0.0,,,,0.0,56.2387,0.0,,,,,,0.60089495627305,,,,,,
207,1,DDP,,ORG_DCOLL,,,2049,,,,0.0,,,,0.0,56.0483,0.0,,,,,,0.6172691367118318,,,,,,
207,1,DDP,,ORG_DCOLL,,,2050,,,,0.0,,,,0.0,55.8578,0.0,,,,,,0.6336384470478491,,,,,,
207,1,DDP,,ORG_DCOLL,,,2051,,,,0.0,,,,0.0,55.6674,0.0,,,,,,0.633638447047849,,,,,,
207,1,DDP,,ORG_DCOLL,,,2052,,,,0.0,,,,0.0,55.4769,0.0,,,,,,0.6336384470478489,,,,,,
207,1,DDP,,ORG_DCOLL,,,2053,,,,0.0,,,,0.0,55.2865,0.0,,,,,,0.6336384470478489,,,,,,
207,1,DDP,,ORG_DCOLL,,,2054,,,,0.0,,,,0.0,55.096,0.0,,,,,,0.633638447047849,,,,,,
207,1,DDP,,ORG_DCOLL,,,2055,,,,0.0,,,,0.0,54.9056,0.0,,,,,,0.6336384470478489,,,,,,
207,1,DDP,,ORG_DCOLL,,,2056,,,,0.0,,,,0.0,54.7151,0.0,,,,,,0.6336384470478488,,,,,,
207,1,DDP,,ORG_DCOLL,,,2057,,,,0.0,,,,0.0,54.5247,0.0,,,,,,0.633638447047849,,,,,,
207,1,DDP,,ORG_DCOLL,,,2058,,,,0.0,,,,0.0,54.3342,0.0,,,,,,0.633638447047849,,,,,,
207,1,DDP,,ORG_DCOLL,,,2059,,,,0.0,,,,0.0,54.1438,0.0,,,,,,0.633638447047849,,,,,,
207,1,DDP,,ORG_DCOLL,,,2060,,,,0.0,,,,0.0,53.9533,0.0,,,,,,0.6336384470478491,,,,,,
207,1,DDP,,ORG_DCOLL,,,2061,,,,0.0,,,,0.0,53.7629,0.0,,,,,,0.6336384470478489,,,,,,
207,1,DDP,,ORG_DCOLL,,,2062,,,,0.0,,,,0.0,53.5724,0.0,,,,,,0.633638447047849,,,,,,
207,1,DDP,,ORG_DCOLL,,,2063,,,,0.0,,,,0.0,53.382,0.0,,,,,,0.6336384470478489,,,,,,
207,1,DDP,,ORG_DCOLL,,,2064,,,,0.0,,,,0.0,53.1915,0.0,,,,,,0.6336384470478489,,,,,,
207,1,DDP,,ORG_DCOLL,,,2065,,,,0.0,,,,0.0,53.0011,0.0,,,,,,0.633638447047849,,,,,,
207,1,DDP,,ORG_DCOLL,,,2066,,,,0.0,,,,0.0,52.8106,0.0,,,,,,0.6336384470478489,,,,,,
207,1,DDP,,ORG_DCOLL,,,2067,,,,0.0,,,,0.0,52.6202,0.0,,,,,,0.6336384470478489,,,,,,
207,1,DDP,,ORG_DCOLL,,,2068,,,,0.0,,,,0.0,52.4297,0.0,,,,,,0.633638447047849,,,,,,
207,1,DDP,,ORG_DCOLL,,,2069,,,,0.0,,,,0.0,52.2393,0.0,,,,,,0.6336384470478489,,,,,,
207,1,DDP,,ORG_DCOLL,,,2070,,,,0.0,,,,0.0,52.0488,0.0,,,,,,0.6336384470478489,,,,,,
207,1,DDP,,BLEND_NO_DCOLL,,,2018,,,,0.0,,,,0.0,30.0,0.0,,,,,,5.160681271514112,,,,,,
207,1,DDP,,BLEND_NO_DCOLL,,,2019,,,,0.0,,,,0.0,30.0,0.0,,,,,,5.1130854668597765,,,,,,
207,1,DDP,,BLEND_NO_DCOLL,,,2020,,,,0.0,,,,0.0,30.0,0.0,,,,,,5.123211256925856,,,,,,
207,1,DDP,,BLEND_NO_DCOLL,,,2021,,,,0.0,,,,0.0,30.0,0.0,,,,,,4.880746841540544,,,,,,
207,1,DDP,,BLEND_NO_DCOLL,,,2022,,,,0.0,,,,0.0,30.0,0.0,,,,,,5.193677980591045,,,,,,
207,1,DDP,,BLEND_NO_DCOLL,,,2023,,,,0.0,,,,0.0,30.0,0.0,,,,,,5.512554953873512,,,,,,
207,1,DDP,,BLEND_NO_DCOLL,,,2024,,,,0.0,,,,0.0,29.9063,0.0,,,,,,5.341659494874798,,,,,,
207,1,DDP,,BLEND_NO_DCOLL,,,2025,,,,0.0,,,,0.0,29.8127,0.0,,,,,,5.308364481886685,,,,,,
207,1,DDP,,BLEND_NO_DCOLL,,,2026,,,,0.0,,,,0.0,29.719,0.0,,,,,,5.096966863091733,,,,,,
207,1,DDP,,BLEND_NO_DCOLL,,,2027,,,,0.0,,,,0.0,29.6253,0.0,,,,,,4.894128896487776,,,,,,
207,1,DDP,,BLEND_NO_DCOLL,,,2028,,,,0.0,,,,0.0,29.5317,0.0,,,,,,4.699006224464682,,,,,,
207,1,DDP,,BLEND_NO_DCOLL,,,2029,,,,0.0,,,,0.0,29.438,0.0,,,,,,4.510837682838465,,,,,,
207,1,DDP,,BLEND_NO_DCOLL,,,2030,,,,0.0,,,,0.0,29.3443,0.0,,,,,,4.329021820011383,,,,,,
207,1,DDP,,BLEND_NO_DCOLL,,,2031,,,,0.0,,,,0.0,29.2507,0.0,,,,,,4.306717106760306,,,,,,
207,1,DDP,,BLEND_NO_DCOLL,,,2032,,,,0.0,,,,0.0,29.157,0.0,,,,,,4.283698685895602,,,,,,
207,1,DDP,,BLEND_NO_DCOLL,,,2033,,,,0.0,,,,0.0,29.0634,0.0,,,,,,4.260069841337415,,,,,,
207,1,DDP,,BLEND_NO_DCOLL,,,2034,,,,0.0,,,,0.0,28.9697,0.0,,,,,,4.235907624143343,,,,,,
207,1,DDP,,BLEND_NO_DCOLL,,,2035,,,,0.0,,,,0.0,28.876,0.0,,,,,,4.211303692101988,,,,,,
207,1,DDP,,BLEND_NO_DCOLL,,,2036,,,,0.0,,,,0.0,28.7824,0.0,,,,,,4.1863309997245075,,,,,,
207,1,DDP,,BLEND_NO_DCOLL,,,2037,,,,0.0,,,,0.0,28.6887,0.0,,,,,,4.161082221870236,,,,,,
207,1,DDP,,BLEND_NO_DCOLL,,,2038,,,,0.0,,,,0.0,28.595,0.0,,,,,,4.135620966316242,,,,,,
207,1,DDP,,BLEND_NO_DCOLL,,,2039,,,,0.0,,,,0.0,28.5014,0.0,,,,,,4.110024824600958,,,,,,
207,1,DDP,,BLEND_NO_DCOLL,,,2040,,,,0.0,,,,0.0,28.4077,0.0,,,,,,4.0843597789076895,,,,,,
207,1,DDP,,BLEND_NO_DCOLL,,,2041,,,,0.0,,,,0.0,28.314,0.0,,,,,,4.058673171717196,,,,,,
207,1,DDP,,BLEND_NO_DCOLL,,,2042,,,,0.0,,,,0.0,28.2204,0.0,,,,,,4.033021408042888,,,,,,
207,1,DDP,,BLEND_NO_DCOLL,,,2043,,,,0.0,,,,0.0,28.1267,0.0,,,,,,4.007472459809697,,,,,,
207,1,DDP,,BLEND_NO_DCOLL,,,2044,,,,0.0,,,,0.0,28.033,0.0,,,,,,3.982070271434964,,,,,,
207,1,DDP,,BLEND_NO_DCOLL,,,2045,,,,0.0,,,,0.0,27.9394,0.0,,,,,,3.956881337578202,,,,,,
207,1,DDP,,BLEND_NO_DCOLL,,,2046,,,,0.0,,,,0.0,27.8457,0.0,,,,,,3.9319496296294467,,,,,,
207,1,DDP,,BLEND_NO_DCOLL,,,2047,,,,0.0,,,,0.0,27.7521,0.0,,,,,,3.9073040779560295,,,,,,
207,1,DDP,,BLEND_NO_DCOLL,,,2048,,,,0.0,,,,0.0,27.6584,0.0,,,,,,3.8830158422757584,,,,,,
207,1,DDP,,BLEND_NO_DCOLL,,,2049,,,,0.0,,,,0.0,27.5647,0.0,,,,,,3.8591091135399465,,,,,,
207,1,DDP,,BLEND_NO_DCOLL,,,2050,,,,0.0,,,,0.0,27.4711,0.0,,,,,,3.835604659835172,,,,,,
207,1,DDP,,BLEND_NO_DCOLL,,,2051,,,,0.0,,,,0.0,27.3774,0.0,,,,,,3.8680766009505496,,,,,,
207,1,DDP,,BLEND_NO_DCOLL,,,2052,,,,0.0,,,,0.0,27.2837,0.0,,,,,,3.901307796716749,,,,,,
207,1,DDP,,BLEND_NO_DCOLL,,,2053,,,,0.0,,,,0.0,27.1901,0.0,,,,,,3.935353293538919,,,,,,
207,1,DDP,,BLEND_NO_DCOLL,,,2054,,,,0.0,,,,0.0,27.0964,0.0,,,,,,3.9702670152236217,,,,,,
207,1,DDP,,BLEND_NO_DCOLL,,,2055,,,,0.0,,,,0.0,27.0027,0.0,,,,,,4.006101916947583,,,,,,
207,1,DDP,,BLEND_NO_DCOLL,,,2056,,,,0.0,,,,0.0,26.9091,0.0,,,,,,4.042910131884164,,,,,,
207,1,DDP,,BLEND_NO_DCOLL,,,2057,,,,0.0,,,,0.0,26.8154,0.0,,,,,,4.080743111149759,,,,,,
207,1,DDP,,BLEND_NO_DCOLL,,,2058,,,,0.0,,,,0.0,26.7217,0.0,,,,,,4.119651757686873,,,,,,
207,1,DDP,,BLEND_NO_DCOLL,,,2059,,,,0.0,,,,0.0,26.6281,0.0,,,,,,4.159686554658235,,,,,,
207,1,DDP,,BLEND_NO_DCOLL,,,2060,,,,0.0,,,,0.0,26.5344,0.0,,,,,,4.200897688888592,,,,,,
207,1,DDP,,BLEND_NO_DCOLL,,,2061,,,,0.0,,,,0.0,26.4408,0.0,,,,,,4.243335169856477,,,,,,
207,1,DDP,,BLEND_NO_DCOLL,,,2062,,,,0.0,,,,0.0,26.3471,0.0,,,,,,4.28704894470652,,,,,,
207,1,DDP,,BLEND_NO_DCOLL,,,2063,,,,0.0,,,,0.0,26.2534,0.0,,,,,,4.332089009725294,,,,,,
207,1,DDP,,BLEND_NO_DCOLL,,,2064,,,,0.0,,,,0.0,26.1598,0.0,,,,,,4.3785055186973265,,,,,,
207,1,DDP,,BLEND_NO_DCOLL,,,2065,,,,0.0,,,,0.0,26.0661,0.0,,,,,,4.426348888535242,,,,,,
207,1,DDP,,BLEND_NO_DCOLL,,,2066,,,,0.0,,,,0.0,25.9724,0.0,,,,,,4.475669902557058,,,,,,
207,1,DDP,,BLEND_NO_DCOLL,,,2067,,,,0.0,,,,0.0,25.8788,0.0,,,,,,4.5265198117645955,,,,,,
207,1,DDP,,BLEND_NO_DCOLL,,,2068,,,,0.0,,,,0.0,25.7851,0.0,,,,,,4.57895043446074,,,,,,
207,1,DDP,,BLEND_NO_DCOLL,,,2069,,,,0.0,,,,0.0,25.6914,0.0,,,,,,4.633014254527634,,,,,,
207,1,DDP,,BLEND_NO_DCOLL,,,2070,,,,0.0,,,,0.0,25.5978,0.0,,,,,,4.688764518675075,,,,,,
207,1,DDP,,INORG_SS,,,2018,,,,0.0,,,,0.0,0.0,0.0,,,,,,0.0568564122855679,,,,,,
207,1,DDP,,INORG_SS,,,2019,,,,0.0,,,,0.0,0.0,0.0,,,,,,0.056332038360864,,,,,,
207,1,DDP,,INORG_SS,,,2020,,,,0.0,,,,0.0,0.0,0.0,,,,,,0.056443596518484,,,,,,
207,1,DDP,,INORG_SS,,,2021,,,,0.0,,,,0.0,0.0,0.0,,,,,,0.053772310298616,,,,,,
207,1,DDP,,INORG_SS,,,2022,,,,0.0,,,,0.0,0.0,0.0,,,,,,0.0572199446171809,,,,,,
207,1,DDP,,INORG_SS,,,2023,,,,0.0,,,,0.0,0.0,0.0,,,,,,0.0607330855587456,,,,,,
207,1,DDP,,INORG_SS,,,2024,,,,0.0,,,,0.0,0.0,0.0,,,,,,0.15094424772054657,,,,,,
207,1,DDP,,INORG_SS,,,2025,,,,0.0,,,,0.0,0.0,0.0,,,,,,0.22406210725815756,,,,,,
207,1,DDP,,INORG_SS,,,2026,,,,0.0,,,,0.0,0.0,0.0,,,,,,0.2980833863679152,,,,,,
207,1,DDP,,INORG_SS,,,2027,,,,0.0,,,,0.0,0.0,0.0,,,,,,0.3726305869542725,,,,,,
207,1,DDP,,INORG_SS,,,2028,,,,0.0,,,,0.0,0.0,0.0,,,,,,0.44751081718550156,,,,,,
207,1,DDP,,INORG_SS,,,2029,,,,0.0,,,,0.0,0.0,0.0,,,,,,0.5226152382661361,,,,,,
207,1,DDP,,INORG_SS,,,2030,,,,0.0,,,,0.0,0.0,0.0,,,,,,0.5978777791122689,,,,,,
207,1,DDP,,INORG_SS,,,2031,,,,0.0,,,,0.0,0.0,0.0,,,,,,0.6732560086631032,,,,,,
207,1,DDP,,INORG_SS,,,2032,,,,0.0,,,,0.0,0.0,0.0,,,,,,0.7487214310630311,,,,,,
207,1,DDP,,INORG_SS,,,2033,,,,0.0,,,,0.0,0.0,0.0,,,,,,0.8242541989762892,,,,,,
207,1,DDP,,INORG_SS,,,2034,,,,0.0,,,,0.0,0.0,0.0,,,,,,0.8998400639371836,,,,,,
207,1,DDP,,INORG_SS,,,2035,,,,0.0,,,,0.0,0.0,0.0,,,,,,0.9754685321327843,,,,,,
207,1,DDP,,INORG_SS,,,2036,,,,0.0,,,,0.0,0.0,0.0,,,,,,1.051131704093322,,,,,,
207,1,DDP,,INORG_SS,,,2037,,,,0.0,,,,0.0,0.0,0.0,,,,,,1.1268235196240453,,,,,,
207,1,DDP,,INORG_SS,,,2038,,,,0.0,,,,0.0,0.0,0.0,,,,,,1.2025392519408657,,,,,,
207,1,DDP,,INORG_SS,,,2039,,,,0.0,,,,0.0,0.0,0.0,,,,,,1.2782751600574371,,,,,,
207,1,DDP,,INORG_SS,,,2040,,,,0.0,,,,0.0,0.0,0.0,,,,,,1.3540282445282394,,,,,,
207,1,DDP,,INORG_SS,,,2041,,,,0.0,,,,0.0,0.0,0.0,,,,,,1.4297960723878547,,,,,,
207,1,DDP,,INORG_SS,,,2042,,,,0.0,,,,0.0,0.0,0.0,,,,,,1.5055766494476284,,,,,,
207,1,DDP,,INORG_SS,,,2043,,,,0.0,,,,0.0,0.0,0.0,,,,,,1.5813683256481594,,,,,,
207,1,DDP,,INORG_SS,,,2044,,,,0.0,,,,0.0,0.0,0.0,,,,,,1.6571697238980296,,,,,,
207,1,DDP,,INORG_SS,,,2045,,,,0.0,,,,0.0,0.0,0.0,,,,,,1.7329796858694964,,,,,,
207,1,DDP,,INORG_SS,,,2046,,,,0.0,,,,0.0,0.0,0.0,,,,,,1.8087972302170012,,,,,,
207,1,DDP,,INORG_SS,,,2047,,,,0.0,,,,0.0,0.0,0.0,,,,,,1.8846215200192042,,,,,,
207,1,DDP,,INORG_SS,,,2048,,,,0.0,,,,0.0,0.0,0.0,,,,,,1.9604518371532658,,,,,,
207,1,DDP,,INORG_SS,,,2049,,,,0.0,,,,0.0,0.0,0.0,,,,,,2.0362875619383325,,,,,,
207,1,DDP,,INORG_SS,,,2050,,,,0.0,,,,0.0,0.0,0.0,,,,,,2.1121281568261634,,,,,,
207,1,DDP,,INORG_SS,,,2051,,,,0.0,,,,0.0,0.0,0.0,,,,,,2.1121281568261634,,,,,,
207,1,DDP,,INORG_SS,,,2052,,,,0.0,,,,0.0,0.0,0.0,,,,,,2.1121281568261634,,,,,,
207,1,DDP,,INORG_SS,,,2053,,,,0.0,,,,0.0,0.0,0.0,,,,,,2.112128156826163,,,,,,
207,1,DDP,,INORG_SS,,,2054,,,,0.0,,,,0.0,0.0,0.0,,,,,,2.1121281568261634,,,,,,
207,1,DDP,,INORG_SS,,,2055,,,,0.0,,,,0.0,0.0,0.0,,,,,,2.1121281568261634,,,,,,
207,1,DDP,,INORG_SS,,,2056,,,,0.0,,,,0.0,0.0,0.0,,,,,,2.1121281568261634,,,,,,
207,1,DDP,,INORG_SS,,,2057,,,,0.0,,,,0.0,0.0,0.0,,,,,,2.1121281568261634,,,,,,
207,1,DDP,,INORG_SS,,,2058,,,,0.0,,,,0.0,0.0,0.0,,,,,,2.1121281568261634,,,,,,
207,1,DDP,,INORG_SS,,,2059,,,,0.0,,,,0.0,0.0,0.0,,,,,,2.112128156826164,,,,,,
207,1,DDP,,INORG_SS,,,2060,,,,0.0,,,,0.0,0.0,0.0,,,,,,2.1121281568261634,,,,,,
207,1,DDP,,INORG_SS,,,2061,,,,0.0,,,,0.0,0.0,0.0,,,,,,2.1121281568261634,,,,,,
207,1,DDP,,INORG_SS,,,2062,,,,0.0,,,,0.0,0.0,0.0,,,,,,2.1121281568261634,,,,,,
207,1,DDP,,INORG_SS,,,2063,,,,0.0,,,,0.0,0.0,0.0,,,,,,2.112128156826163,,,,,,
207,1,DDP,,INORG_SS,,,2064,,,,0.0,,,,0.0,0.0,0.0,,,,,,2.112128156826163,,,,,,
207,1,DDP,,INORG_SS,,,2065,,,,0.0,,,,0.0,0.0,0.0,,,,,,2.1121281568261634,,,,,,
207,1,DDP,,INORG_SS,,,2066,,,,0.0,,,,0.0,0.0,0.0,,,,,,2.1121281568261634,,,,,,
207,1,DDP,,INORG_SS,,,2067,,,,0.0,,,,0.0,0.0,0.0,,,,,,2.1121281568261634,,,,,,
207,1,DDP,,INORG_SS,,,2068,,,,0.0,,,,0.0,0.0,0.0,,,,,,2.1121281568261634,,,,,,
207,1,DDP,,INORG_SS,,,2069,,,,0.0,,,,0.0,0.0,0.0,,,,,,2.112128156826163,,,,,,
207,1,DDP,,INORG_SS,,,2070,,,,0.0,,,,0.0,0.0,0.0,,,,,,2.1121281568261634,,,,,,
207,1,DDP,,ORG_SS,,,2018,,,,0.0,,,,0.0,0.0,0.0,,,,,,0.1261100874003199,,,,,,
207,1,DDP,,ORG_SS,,,2019,,,,0.0,,,,0.0,0.0,0.0,,,,,,0.12494700237936,,,,,,
207,1,DDP,,ORG_SS,,,2020,,,,0.0,,,,0.0,0.0,0.0,,,,,,0.12519444340566,,,,,,
207,1,DDP,,ORG_SS,,,2021,,,,0.0,,,,0.0,0.0,0.0,,,,,,0.11926941006084,,,,,,
207,1,DDP,,ORG_SS,,,2022,,,,0.0,,,,0.0,0.0,0.0,,,,,,0.1269164185117924,,,,,,
207,1,DDP,,ORG_SS,,,2023,,,,0.0,,,,0.0,0.0,0.0,,,,,,0.134708723607744,,,,,,
207,1,DDP,,ORG_SS,,,2024,,,,0.0,,,,0.0,0.0,0.0,,,,,,0.19736482033341254,,,,,,
207,1,DDP,,ORG_SS,,,2025,,,,0.0,,,,0.0,0.0,0.0,,,,,,0.21645686601964972,,,,,,
207,1,DDP,,ORG_SS,,,2026,,,,0.0,,,,0.0,0.0,0.0,,,,,,0.23464549213374036,,,,,,
207,1,DDP,,ORG_SS,,,2027,,,,0.0,,,,0.0,0.0,0.0,,,,,,0.2523081967712311,,,,,,
207,1,DDP,,ORG_SS,,,2028,,,,0.0,,,,0.0,0.0,0.0,,,,,,0.2696378717638505,,,,,,
207,1,DDP,,ORG_SS,,,2029,,,,0.0,,,,0.0,0.0,0.0,,,,,,0.28674335590706396,,,,,,
207,1,DDP,,ORG_SS,,,2030,,,,0.0,,,,0.0,0.0,0.0,,,,,,0.3036907202847794,,,,,,
207,1,DDP,,ORG_SS,,,2031,,,,0.0,,,,0.0,0.0,0.0,,,,,,0.32052239595779336,,,,,,
207,1,DDP,,ORG_SS,,,2032,,,,0.0,,,,0.0,0.0,0.0,,,,,,0.33726687878171346,,,,,,
207,1,DDP,,ORG_SS,,,2033,,,,0.0,,,,0.0,0.0,0.0,,,,,,0.3539440160923035,,,,,,
207,1,DDP,,ORG_SS,,,2034,,,,0.0,,,,0.0,0.0,0.0,,,,,,0.3705680563552577,,,,,,
207,1,DDP,,ORG_SS,,,2035,,,,0.0,,,,0.0,0.0,0.0,,,,,,0.3871494933835046,,,,,,
207,1,DDP,,ORG_SS,,,2036,,,,0.0,,,,0.0,0.0,0.0,,,,,,0.4036962266468151,,,,,,
207,1,DDP,,ORG_SS,,,2037,,,,0.0,,,,0.0,0.0,0.0,,,,,,0.4202143163399398,,,,,,
207,1,DDP,,ORG_SS,,,2038,,,,0.0,,,,0.0,0.0,0.0,,,,,,0.43670848924696765,,,,,,
207,1,DDP,,ORG_SS,,,2039,,,,0.0,,,,0.0,0.0,0.0,,,,,,0.45318248635424435,,,,,,
207,1,DDP,,ORG_SS,,,2040,,,,0.0,,,,0.0,0.0,0.0,,,,,,0.46963930710729046,,,,,,
207,1,DDP,,ORG_SS,,,2041,,,,0.0,,,,0.0,0.0,0.0,,,,,,0.4860813844715231,,,,,,
207,1,DDP,,ORG_SS,,,2042,,,,0.0,,,,0.0,0.0,0.0,,,,,,0.5025107126355981,,,,,,
207,1,DDP,,ORG_SS,,,2043,,,,0.0,,,,0.0,0.0,0.0,,,,,,0.5189289416589153,,,,,,
207,1,DDP,,ORG_SS,,,2044,,,,0.0,,,,0.0,0.0,0.0,,,,,,0.5353374486328929,,,,,,
207,1,DDP,,ORG_SS,,,2045,,,,0.0,,,,0.0,0.0,0.0,,,,,,0.5517373918852748,,,,,,
207,1,DDP,,ORG_SS,,,2046,,,,0.0,,,,0.0,0.0,0.0,,,,,,0.5681297527616174,,,,,,
207,1,DDP,,ORG_SS,,,2047,,,,0.0,,,,0.0,0.0,0.0,,,,,,0.5845153681832631,,,,,,
207,1,DDP,,ORG_SS,,,2048,,,,0.0,,,,0.0,0.0,0.0,,,,,,0.60089495627305,,,,,,
207,1,DDP,,ORG_SS,,,2049,,,,0.0,,,,0.0,0.0,0.0,,,,,,0.6172691367118318,,,,,,
207,1,DDP,,ORG_SS,,,2050,,,,0.0,,,,0.0,0.0,0.0,,,,,,0.6336384470478491,,,,,,
207,1,DDP,,ORG_SS,,,2051,,,,0.0,,,,0.0,0.0,0.0,,,,,,0.633638447047849,,,,,,
207,1,DDP,,ORG_SS,,,2052,,,,0.0,,,,0.0,0.0,0.0,,,,,,0.6336384470478489,,,,,,
207,1,DDP,,ORG_SS,,,2053,,,,0.0,,,,0.0,0.0,0.0,,,,,,0.6336384470478489,,,,,,
207,1,DDP,,ORG_SS,,,2054,,,,0.0,,,,0.0,0.0,0.0,,,,,,0.633638447047849,,,,,,
207,1,DDP,,ORG_SS,,,2055,,,,0.0,,,,0.0,0.0,0.0,,,,,,0.6336384470478489,,,,,,
207,1,DDP,,ORG_SS,,,2056,,,,0.0,,,,0.0,0.0,0.0,,,,,,0.6336384470478488,,,,,,
207,1,DDP,,ORG_SS,,,2057,,,,0.0,,,,0.0,0.0,0.0,,,,,,0.633638447047849,,,,,,
207,1,DDP,,ORG_SS,,,2058,,,,0.0,,,,0.0,0.0,0.0,,,,,,0.633638447047849,,,,,,
207,1,DDP,,ORG_SS,,,2059,,,,0.0,,,,0.0,0.0,0.0,,,,,,0.633638447047849,,,,,,
207,1,DDP,,ORG_SS,,,2060,,,,0.0,,,,0.0,0.0,0.0,,,,,,0.6336384470478491,,,,,,
207,1,DDP,,ORG_SS,,,2061,,,,0.0,,,,0.0,0.0,0.0,,,,,,0.6336384470478489,,,,,,
207,1,DDP,,ORG_SS,,,2062,,,,0.0,,,,0.0,0.0,0.0,,,,,,0.633638447047849,,,,,,
207,1,DDP,,ORG_SS,,,2063,,,,0.0,,,,0.0,0.0,0.0,,,,,,0.6336384470478489,,,,,,
207,1,DDP,,ORG_SS,,,2064,,,,0.0,,,,0.0,0.0,0.0,,,,,,0.6336384470478489,,,,,,
207,1,DDP,,ORG_SS,,,2065,,,,0.0,,,,0.0,0.0,0.0,,,,,,0.633638447047849,,,,,,
207,1,DDP,,ORG_SS,,,2066,,,,0.0,,,,0.0,0.0,0.0,,,,,,0.6336384470478489,,,,,,
207,1,DDP,,ORG_SS,,,2067,,,,0.0,,,,0.0,0.0,0.0,,,,,,0.6336384470478489,,,,,,
207,1,DDP,,ORG_SS,,,2068,,,,0.0,,,,0.0,0.0,0.0,,,,,,0.633638447047849,,,,,,
207,1,DDP,,ORG_SS,,,2069,,,,0.0,,,,0.0,0.0,0.0,,,,,,0.6336384470478489,,,,,,
207,1,DDP,,ORG_SS,,,2070,,,,0.0,,,,0.0,0.0,0.0,,,,,,0.6336384470478489,,,,,,
207,1,DDP,,NO_SS,,,2018,,,,0.0,,,,0.0,0.0,0.0,,,,,,5.160681271514112,,,,,,
207,1,DDP,,NO_SS,,,2019,,,,0.0,,,,0.0,0.0,0.0,,,,,,5.1130854668597765,,,,,,
207,1,DDP,,NO_SS,,,2020,,,,0.0,,,,0.0,0.0,0.0,,,,,,5.123211256925856,,,,,,
207,1,DDP,,NO_SS,,,2021,,,,0.0,,,,0.0,0.0,0.0,,,,,,4.880746841540544,,,,,,
207,1,DDP,,NO_SS,,,2022,,,,0.0,,,,0.0,0.0,0.0,,,,,,5.193677980591045,,,,,,
207,1,DDP,,NO_SS,,,2023,,,,0.0,,,,0.0,0.0,0.0,,,,,,5.512554953873512,,,,,,
207,1,DDP,,NO_SS,,,2024,,,,0.0,,,,0.0,0.0,0.0,,,,,,5.341659494874798,,,,,,
207,1,DDP,,NO_SS,,,2025,,,,0.0,,,,0.0,0.0,0.0,,,,,,5.308364481886685,,,,,,
207,1,DDP,,NO_SS,,,2026,,,,0.0,,,,0.0,0.0,0.0,,,,,,5.096966863091733,,,,,,
207,1,DDP,,NO_SS,,,2027,,,,0.0,,,,0.0,0.0,0.0,,,,,,4.894128896487776,,,,,,
207,1,DDP,,NO_SS,,,2028,,,,0.0,,,,0.0,0.0,0.0,,,,,,4.699006224464682,,,,,,
207,1,DDP,,NO_SS,,,2029,,,,0.0,,,,0.0,0.0,0.0,,,,,,4.510837682838465,,,,,,
207,1,DDP,,NO_SS,,,2030,,,,0.0,,,,0.0,0.0,0.0,,,,,,4.329021820011383,,,,,,
207,1,DDP,,NO_SS,,,2031,,,,0.0,,,,0.0,0.0,0.0,,,,,,4.306717106760306,,,,,,
207,1,DDP,,NO_SS,,,2032,,,,0.0,,,,0.0,0.0,0.0,,,,,,4.283698685895602,,,,,,
207,1,DDP,,NO_SS,,,2033,,,,0.0,,,,0.0,0.0,0.0,,,,,,4.260069841337415,,,,,,
207,1,DDP,,NO_SS,,,2034,,,,0.0,,,,0.0,0.0,0.0,,,,,,4.235907624143343,,,,,,
207,1,DDP,,NO_SS,,,2035,,,,0.0,,,,0.0,0.0,0.0,,,,,,4.211303692101988,,,,,,
207,1,DDP,,NO_SS,,,2036,,,,0.0,,,,0.0,0.0,0.0,,,,,,4.1863309997245075,,,,,,
207,1,DDP,,NO_SS,,,2037,,,,0.0,,,,0.0,0.0,0.0,,,,,,4.161082221870236,,,,,,
207,1,DDP,,NO_SS,,,2038,,,,0.0,,,,0.0,0.0,0.0,,,,,,4.135620966316242,,,,,,
207,1,DDP,,NO_SS,,,2039,,,,0.0,,,,0.0,0.0,0.0,,,,,,4.110024824600958,,,,,,
207,1,DDP,,NO_SS,,,2040,,,,0.0,,,,0.0,0.0,0.0,,,,,,4.0843597789076895,,,,,,
207,1,DDP,,NO_SS,,,2041,,,,0.0,,,,0.0,0.0,0.0,,,,,,4.058673171717196,,,,,,
207,1,DDP,,NO_SS,,,2042,,,,0.0,,,,0.0,0.0,0.0,,,,,,4.033021408042888,,,,,,
207,1,DDP,,NO_SS,,,2043,,,,0.0,,,,0.0,0.0,0.0,,,,,,4.007472459809697,,,,,,
207,1,DDP,,NO_SS,,,2044,,,,0.0,,,,0.0,0.0,0.0,,,,,,3.982070271434964,,,,,,
207,1,DDP,,NO_SS,,,2045,,,,0.0,,,,0.0,0.0,0.0,,,,,,3.956881337578202,,,,,,
207,1,DDP,,NO_SS,,,2046,,,,0.0,,,,0.0,0.0,0.0,,,,,,3.9319496296294467,,,,,,
207,1,DDP,,NO_SS,,,2047,,,,0.0,,,,0.0,0.0,0.0,,,,,,3.9073040779560295,,,,,,
207,1,DDP,,NO_SS,,,2048,,,,0.0,,,,0.0,0.0,0.0,,,,,,3.8830158422757584,,,,,,
207,1,DDP,,NO_SS,,,2049,,,,0.0,,,,0.0,0.0,0.0,,,,,,3.8591091135399465,,,,,,
207,1,DDP,,NO_SS,,,2050,,,,0.0,,,,0.0,0.0,0.0,,,,,,3.835604659835172,,,,,,
207,1,DDP,,NO_SS,,,2051,,,,0.0,,,,0.0,0.0,0.0,,,,,,3.8680766009505496,,,,,,
207,1,DDP,,NO_SS,,,2052,,,,0.0,,,,0.0,0.0,0.0,,,,,,3.901307796716749,,,,,,
207,1,DDP,,NO_SS,,,2053,,,,0.0,,,,0.0,0.0,0.0,,,,,,3.935353293538919,,,,,,
207,1,DDP,,NO_SS,,,2054,,,,0.0,,,,0.0,0.0,0.0,,,,,,3.9702670152236217,,,,,,
207,1,DDP,,NO_SS,,,2055,,,,0.0,,,,0.0,0.0,0.0,,,,,,4.006101916947583,,,,,,
207,1,DDP,,NO_SS,,,2056,,,,0.0,,,,0.0,0.0,0.0,,,,,,4.042910131884164,,,,,,
207,1,DDP,,NO_SS,,,2057,,,,0.0,,,,0.0,0.0,0.0,,,,,,4.080743111149759,,,,,,
207,1,DDP,,NO_SS,,,2058,,,,0.0,,,,0.0,0.0,0.0,,,,,,4.119651757686873,,,,,,
207,1,DDP,,NO_SS,,,2059,,,,0.0,,,,0.0,0.0,0.0,,,,,,4.159686554658235,,,,,,
207,1,DDP,,NO_SS,,,2060,,,,0.0,,,,0.0,0.0,0.0,,,,,,4.200897688888592,,,,,,
207,1,DDP,,NO_SS,,,2061,,,,0.0,,,,0.0,0.0,0.0,,,,,,4.243335169856477,,,,,,
207,1,DDP,,NO_SS,,,2062,,,,0.0,,,,0.0,0.0,0.0,,,,,,4.28704894470652,,,,,,
207,1,DDP,,NO_SS,,,2063,,,,0.0,,,,0.0,0.0,0.0,,,,,,4.332089009725294,,,,,,
207,1,DDP,,NO_SS,,,2064,,,,0.0,,,,0.0,0.0,0.0,,,,,,4.3785055186973265,,,,,,
207,1,DDP,,NO_SS,,,2065,,,,0.0,,,,0.0,0.0,0.0,,,,,,4.426348888535242,,,,,,
207,1,DDP,,NO_SS,,,2066,,,,0.0,,,,0.0,0.0,0.0,,,,,,4.475669902557058,,,,,,
207,1,DDP,,NO_SS,,,2067,,,,0.0,,,,0.0,0.0,0.0,,,,,,4.5265198117645955,,,,,,
207,1,DDP,,NO_SS,,,2068,,,,0.0,,,,0.0,0.0,0.0,,,,,,4.57895043446074,,,,,,
207,1,DDP,,NO_SS,,,2069,,,,0.0,,,,0.0,0.0,0.0,,,,,,4.633014254527634,,,,,,
207,1,DDP,,NO_SS,,,2070,,,,0.0,,,,0.0,0.0,0.0,,,,,,4.688764518675075,,,,,,
207,1,DDP,,SEWERWWWOT,,,2018,,,,0.0,,,,0.0,0.0,0.0,,,,,,0.0,,,,,,
207,1,DDP,,SEWERWWWOT,,,2019,,,,0.0,,,,0.0,0.0,0.0,,,,,,0.0,,,,,,
207,1,DDP,,SEWERWWWOT,,,2020,,,,0.0,,,,0.0,0.0,0.0,,,,,,0.0,,,,,,
207,1,DDP,,SEWERWWWOT,,,2021,,,,0.0,,,,0.0,0.0,0.0,,,,,,0.0,,,,,,
207,1,DDP,,SEWERWWWOT,,,2022,,,,0.0,,,,0.0,0.0,0.0,,,,,,0.0,,,,,,
207,1,DDP,,SEWERWWWOT,,,2023,,,,0.0,,,,0.0,0.0,0.0,,,,,,0.0,,,,,,
207,1,DDP,,SEWERWWWOT,,,2024,,,,0.0,,,,0.0,0.0,0.0,,,,,,0.0,,,,,,
207,1,DDP,,SEWERWWWOT,,,2025,,,,0.0,,,,0.0,0.0,0.0,,,,,,0.0,,,,,,
207,1,DDP,,SEWERWWWOT,,,2026,,,,0.0,,,,0.0,0.0,0.0,,,,,,0.0,,,,,,
207,1,DDP,,SEWERWWWOT,,,2027,,,,0.0,,,,0.0,0.0,0.0,,,,,,0.0,,,,,,
207,1,DDP,,SEWERWWWOT,,,2028,,,,0.0,,,,0.0,0.0,0.0,,,,,,0.0,,,,,,
207,1,DDP,,SEWERWWWOT,,,2029,,,,0.0,,,,0.0,0.0,0.0,,,,,,0.0,,,,,,
207,1,DDP,,SEWERWWWOT,,,2030,,,,0.0,,,,0.0,0.0,0.0,,,,,,0.0,,,,,,
207,1,DDP,,SEWERWWWOT,,,2031,,,,0.0,,,,0.0,0.0,0.0,,,,,,0.0,,,,,,
207,1,DDP,,SEWERWWWOT,,,2032,,,,0.0,,,,0.0,0.0,0.0,,,,,,0.0,,,,,,
207,1,DDP,,SEWERWWWOT,,,2033,,,,0.0,,,,0.0,0.0,0.0,,,,,,0.0,,,,,,
207,1,DDP,,SEWERWWWOT,,,2034,,,,0.0,,,,0.0,0.0,0.0,,,,,,0.0,,,,,,
207,1,DDP,,SEWERWWWOT,,,2035,,,,0.0,,,,0.0,0.0,0.0,,,,,,0.0,,,,,,
207,1,DDP,,SEWERWWWOT,,,2036,,,,0.0,,,,0.0,0.0,0.0,,,,,,0.0,,,,,,
207,1,DDP,,SEWERWWWOT,,,2037,,,,0.0,,,,0.0,0.0,0.0,,,,,,0.0,,,,,,
207,1,DDP,,SEWERWWWOT,,,2038,,,,0.0,,,,0.0,0.0,0.0,,,,,,0.0,,,,,,
207,1,DDP,,SEWERWWWOT,,,2039,,,,0.0,,,,0.0,0.0,0.0,,,,,,0.0,,,,,,
207,1,DDP,,SEWERWWWOT,,,2040,,,,0.0,,,,0.0,0.0,0.0,,,,,,0.0,,,,,,
207,1,DDP,,SEWERWWWOT,,,2041,,,,0.0,,,,0.0,0.0,0.0,,,,,,0.0,,,,,,
207,1,DDP,,SEWERWWWOT,,,2042,,,,0.0,,,,0.0,0.0,0.0,,,,,,0.0,,,,,,
207,1,DDP,,SEWERWWWOT,,,2043,,,,0.0,,,,0.0,0.0,0.0,,,,,,0.0,,,,,,
207,1,DDP,,SEWERWWWOT,,,2044,,,,0.0,,,,0.0,0.0,0.0,,,,,,0.0,,,,,,
207,1,DDP,,SEWERWWWOT,,,2045,,,,0.0,,,,0.0,0.0,0.0,,,,,,0.0,,,,,,
207,1,DDP,,SEWERWWWOT,,,2046,,,,0.0,,,,0.0,0.0,0.0,,,,,,0.0,,,,,,
207,1,DDP,,SEWERWWWOT,,,2047,,,,0.0,,,,0.0,0.0,0.0,,,,,,0.0,,,,,,
207,1,DDP,,SEWERWWWOT,,,2048,,,,0.0,,,,0.0,0.0,0.0,,,,,,0.0,,,,,,
207,1,DDP,,SEWERWWWOT,,,2049,,,,0.0,,,,0.0,0.0,0.0,,,,,,0.0,,,,,,
207,1,DDP,,SEWERWWWOT,,,2050,,,,0.0,,,,0.0,0.0,0.0,,,,,,0.0,,,,,,
207,1,DDP,,SEWERWWWOT,,,2051,,,,0.0,,,,0.0,0.0,0.0,,,,,,0.0,,,,,,
207,1,DDP,,SEWERWWWOT,,,2052,,,,0.0,,,,0.0,0.0,0.0,,,,,,0.0,,,,,,
207,1,DDP,,SEWERWWWOT,,,2053,,,,0.0,,,,0.0,0.0,0.0,,,,,,0.0,,,,,,
207,1,DDP,,SEWERWWWOT,,,2054,,,,0.0,,,,0.0,0.0,0.0,,,,,,0.0,,,,,,
207,1,DDP,,SEWERWWWOT,,,2055,,,,0.0,,,,0.0,0.0,0.0,,,,,,0.0,,,,,,
207,1,DDP,,SEWERWWWOT,,,2056,,,,0.0,,,,0.0,0.0,0.0,,,,,,0.0,,,,,,
207,1,DDP,,SEWERWWWOT,,,2057,,,,0.0,,,,0.0,0.0,0.0,,,,,,0.0,,,,,,
207,1,DDP,,SEWERWWWOT,,,2058,,,,0.0,,,,0.0,0.0,0.0,,,,,,0.0,,,,,,
207,1,DDP,,SEWERWWWOT,,,2059,,,,0.0,,,,0.0,0.0,0.0,,,,,,0.0,,,,,,
207,1,DDP,,SEWERWWWOT,,,2060,,,,0.0,,,,0.0,0.0,0.0,,,,,,0.0,,,,,,
207,1,DDP,,SEWERWWWOT,,,2061,,,,0.0,,,,0.0,0.0,0.0,,,,,,0.0,,,,,,
207,1,DDP,,SEWERWWWOT,,,2062,,,,0.0,,,,0.0,0.0,0.0,,,,,,0.0,,,,,,
207,1,DDP,,SEWERWWWOT,,,2063,,,,0.0,,,,0.0,0.0,0.0,,,,,,0.0,,,,,,
207,1,DDP,,SEWERWWWOT,,,2064,,,,0.0,,,,0.0,0.0,0.0,,,,,,0.0,,,,,,
207,1,DDP,,SEWERWWWOT,,,2065,,,,0.0,,,,0.0,0.0,0.0,,,,,,0.0,,,,,,
207,1,DDP,,SEWERWWWOT,,,2066,,,,0.0,,,,0.0,0.0,0.0,,,,,,0.0,,,,,,
207,1,DDP,,SEWERWWWOT,,,2067,,,,0.0,,,,0.0,0.0,0.0,,,,,,0.0,,,,,,
207,1,DDP,,SEWERWWWOT,,,2068,,,,0.0,,,,0.0,0.0,0.0,,,,,,0.0,,,,,,
207,1,DDP,,SEWERWWWOT,,,2069,,,,0.0,,,,0.0,0.0,0.0,,,,,,0.0,,,,,,
207,1,DDP,,SEWERWWWOT,,,2070,,,,0.0,,,,0.0,0.0,0.0,,,,,,0.0,,,,,,
207,1,DDP,,SEWERWWWT,,,2018,,,,0.2528,,,,420.8754,48.4007,0.0,,,,,,0.2527976088,,,,,,
207,1,DDP,,SEWERWWWT,,,2019,,,,0.2402,,,,430.8859,49.5519,0.0,,,,,,0.25047213693,,,,,,
207,1,DDP,,SEWERWWWT,,,2020,,,,0.2275,,,,431.5553,49.6289,0.0,,,,,,0.2535978872475,,,,,,
207,1,DDP,,SEWERWWWT,,,2021,,,,0.2149,,,,430.8859,49.5519,0.0,,,,,,0.257482272885,,,,,,
207,1,DDP,,SEWERWWWT,,,2022,,,,0.2022,,,,403.0868,46.355,0.0,,,,,,0.2789397889779311,,,,,,
207,1,DDP,,SEWERWWWT,,,2023,,,,0.1896,,,,378.6573,43.5456,0.0,,,,,,0.3008411505682782,,,,,,
207,1,DDP,,SEWERWWWT,,,2024,,,,0.177,,,,332.2742,40.0619,0.0,,,,,,0.3974396555605583,,,,,,
207,1,DDP,,SEWERWWWT,,,2025,,,,0.1643,,,,310.0666,39.0665,0.0,,,,,,0.41320661752730947,,,,,,
207,1,DDP,,SEWERWWWT,,,2026,,,,0.1517,,,,290.0258,38.0711,0.0,,,,,,0.42897357949406056,,,,,,
207,1,DDP,,SEWERWWWT,,,2027,,,,0.139,,,,271.8491,37.0756,0.0,,,,,,0.44474054146081166,,,,,,
207,1,DDP,,SEWERWWWT,,,2028,,,,0.1264,,,,255.288,36.0802,0.0,,,,,,0.46050750342756275,,,,,,
207,1,DDP,,SEWERWWWT,,,2029,,,,0.1138,,,,240.1365,35.0848,0.0,,,,,,0.47627446539431384,,,,,,
207,1,DDP,,SEWERWWWT,,,2030,,,,0.1011,,,,226.2218,34.0894,0.0,,,,,,0.49204142736106493,,,,,,
207,1,DDP,,SEWERWWWT,,,2031,,,,0.0885,,,,213.3986,33.094,0.0,,,,,,0.507808389327816,,,,,,
207,1,DDP,,SEWERWWWT,,,2032,,,,0.0758,,,,201.543,32.0986,0.0,,,,,,0.5235753512945671,,,,,,
207,1,DDP,,SEWERWWWT,,,2033,,,,0.0632,,,,190.5497,31.1031,0.0,,,,,,0.5393423132613182,,,,,,
207,1,DDP,,SEWERWWWT,,,2034,,,,0.0506,,,,180.3279,30.1077,0.0,,,,,,0.5551092752280693,,,,,,
207,1,DDP,,SEWERWWWT,,,2035,,,,0.0379,,,,170.799,29.1123,0.0,,,,,,0.5708762371948204,,,,,,
207,1,DDP,,SEWERWWWT,,,2036,,,,0.0253,,,,161.895,28.1169,0.0,,,,,,0.5866431991615715,,,,,,
207,1,DDP,,SEWERWWWT,,,2037,,,,0.0126,,,,153.5563,27.1215,0.0,,,,,,0.6024101611283226,,,,,,
207,1,DDP,,SEWERWWWT,,,2038,,,,0.0,,,,145.7308,26.1261,0.0,,,,,,0.6181771230950737,,,,,,
207,1,DDP,,SEWERWWWT,,,2039,,,,0.0,,,,138.3725,25.1307,0.0,,,,,,0.6339440850618248,,,,,,
207,1,DDP,,SEWERWWWT,,,2040,,,,0.0,,,,131.4408,24.1352,0.0,,,,,,0.6497110470285758,,,,,,
207,1,DDP,,SEWERWWWT,,,2041,,,,0.0,,,,124.8994,23.1398,0.0,,,,,,0.6654780089953269,,,,,,
207,1,DDP,,SEWERWWWT,,,2042,,,,0.0,,,,118.7168,22.1444,0.0,,,,,,0.681244970962078,,,,,,
207,1,DDP,,SEWERWWWT,,,2043,,,,0.0,,,,112.8636,21.149,0.0,,,,,,0.6970119329288291,,,,,,
207,1,DDP,,SEWERWWWT,,,2044,,,,0.0,,,,107.3146,20.1536,0.0,,,,,,0.7127788948955802,,,,,,
207,1,DDP,,SEWERWWWT,,,2045,,,,0.0,,,,102.0466,19.1582,0.0,,,,,,0.7285458568623313,,,,,,
207,1,DDP,,SEWERWWWT,,,2046,,,,0.0,,,,97.0387,18.1627,0.0,,,,,,0.7443128188290824,,,,,,
207,1,DDP,,SEWERWWWT,,,2047,,,,0.0,,,,92.2722,17.1673,0.0,,,,,,0.7600797807958336,,,,,,
207,1,DDP,,SEWERWWWT,,,2048,,,,0.0,,,,87.7299,16.1719,0.0,,,,,,0.7758467427625846,,,,,,
207,1,DDP,,SEWERWWWT,,,2049,,,,0.0,,,,83.3965,15.1765,0.0,,,,,,0.7916137047293357,,,,,,
207,1,DDP,,SEWERWWWT,,,2050,,,,0.0,,,,79.2578,14.1811,0.0,,,,,,0.8073806666960868,,,,,,
207,1,DDP,,SEWERWWWT,,,2051,,,,0.0,,,,72.0485,13.1857,0.0,,,,,,0.8073806666960868,,,,,,
207,1,DDP,,SEWERWWWT,,,2052,,,,0.0,,,,64.8392,12.1902,0.0,,,,,,0.8073806666960869,,,,,,
207,1,DDP,,SEWERWWWT,,,2053,,,,0.0,,,,57.6299,11.1948,0.0,,,,,,0.8073806666960869,,,,,,
207,1,DDP,,SEWERWWWT,,,2054,,,,0.0,,,,50.4205,10.1994,0.0,,,,,,0.8073806666960868,,,,,,
207,1,DDP,,SEWERWWWT,,,2055,,,,0.0,,,,43.2112,9.204,0.0,,,,,,0.8073806666960868,,,,,,
207,1,DDP,,SEWERWWWT,,,2056,,,,0.0,,,,36.0019,8.2086,0.0,,,,,,0.8073806666960869,,,,,,
207,1,DDP,,SEWERWWWT,,,2057,,,,0.0,,,,28.7925,7.2132,0.0,,,,,,0.8073806666960868,,,,,,
207,1,DDP,,SEWERWWWT,,,2058,,,,0.0,,,,21.5832,6.2178,0.0,,,,,,0.8073806666960868,,,,,,
207,1,DDP,,SEWERWWWT,,,2059,,,,0.0,,,,14.3739,5.2223,0.0,,,,,,0.8073806666960869,,,,,,
207,1,DDP,,SEWERWWWT,,,2060,,,,0.0,,,,7.1645,4.2269,0.0,,,,,,0.8073806666960868,,,,,,
207,1,DDP,,SEWERWWWT,,,2061,,,,0.0,,,,-0.0448,3.2315,0.0,,,,,,0.8073806666960868,,,,,,
207,1,DDP,,SEWERWWWT,,,2062,,,,0.0,,,,-7.2541,2.2361,0.0,,,,,,0.8073806666960869,,,,,,
207,1,DDP,,SEWERWWWT,,,2063,,,,0.0,,,,-14.4635,1.2407,0.0,,,,,,0.8073806666960868,,,,,,
207,1,DDP,,SEWERWWWT,,,2064,,,,0.0,,,,-21.6728,0.2453,0.0,,,,,,0.8073806666960869,,,,,,
207,1,DDP,,SEWERWWWT,,,2065,,,,0.0,,,,-28.8821,-0.7502,0.0,,,,,,0.8073806666960869,,,,,,
207,1,DDP,,SEWERWWWT,,,2066,,,,0.0,,,,-36.0915,-1.7456,0.0,,,,,,0.8073806666960867,,,,,,
207,1,DDP,,SEWERWWWT,,,2067,,,,0.0,,,,-43.3008,-2.741,0.0,,,,,,0.8073806666960868,,,,,,
207,1,DDP,,SEWERWWWT,,,2068,,,,0.0,,,,-50.5101,-3.7364,0.0,,,,,,0.8073806666960868,,,,,,
207,1,DDP,,SEWERWWWT,,,2069,,,,0.0,,,,-57.7195,-4.7318,0.0,,,,,,0.8073806666960868,,,,,,
207,1,DDP,,SEWERWWWT,,,2070,,,,0.0,,,,-64.9288,-5.7272,0.0,,,,,,0.8073806666960868,,,,,,
207,1,DDP,,WWWTFIRU,,,2018,,,,0.0,,,,420.8754,48.4007,0.0,,,,,0.0,0.0,,,,,,
207,1,DDP,,WWWTFIRU,,,2019,,,,0.0,,,,430.8859,49.5519,0.0,,,,,0.0,0.0,,,,,,
207,1,DDP,,WWWTFIRU,,,2020,,,,0.0,,,,431.5553,49.6289,0.0,,,,,0.0,0.0,,,,,,
207,1,DDP,,WWWTFIRU,,,2021,,,,0.0,,,,430.8859,49.5519,0.0,,,,,0.0,0.0,,,,,,
207,1,DDP,,WWWTFIRU,,,2022,,,,0.0,,,,403.0868,46.355,0.0,,,,,0.0,0.0,,,,,,
207,1,DDP,,WWWTFIRU,,,2023,,,,0.0,,,,378.6573,43.5456,0.0,,,,,0.0,0.0,,,,,,
207,1,DDP,,WWWTFIRU,,,2024,,,,0.0,,,,357.0197,41.0573,0.0,,,,,0.0,0.0,,,,,,
207,1,DDP,,WWWTFIRU,,,2025,,,,0.0,,,,337.7214,38.838,0.0,,,,,0.0,0.0,,,,,,
207,1,DDP,,WWWTFIRU,,,2026,,,,0.0,,,,320.4023,36.8463,0.0,,,,,0.0,0.0,,,,,,
207,1,DDP,,WWWTFIRU,,,2027,,,,0.0,,,,304.773,35.0489,0.0,,,,,0.0,0.0,,,,,,
207,1,DDP,,WWWTFIRU,,,2028,,,,0.0,,,,290.5975,33.4187,0.0,,,,,0.0,0.0,,,,,,
207,1,DDP,,WWWTFIRU,,,2029,,,,0.0,,,,277.682,31.9334,0.0,,,,,0.0,0.0,,,,,,
207,1,DDP,,WWWTFIRU,,,2030,,,,0.0,,,,265.8658,30.5746,0.0,,,,,0.0,0.0,,,,,,
207,1,DDP,,WWWTFIRU,,,2031,,,,0.0,,,,255.0141,29.3266,0.0,,,,,0.0,0.0,,,,,,
207,1,DDP,,WWWTFIRU,,,2032,,,,0.0,,,,245.0136,28.1766,0.0,,,,,0.0,0.0,,,,,,
207,1,DDP,,WWWTFIRU,,,2033,,,,0.0,,,,235.7678,27.1133,0.0,,,,,0.0,0.0,,,,,,
207,1,DDP,,WWWTFIRU,,,2034,,,,0.0,,,,227.1944,26.1274,0.0,,,,,0.0,0.0,,,,,,
207,1,DDP,,WWWTFIRU,,,2035,,,,0.0,,,,219.2227,25.2106,0.0,,,,,0.0,0.0,,,,,,
207,1,DDP,,WWWTFIRU,,,2036,,,,0.0,,,,211.7914,24.356,0.0,,,,,0.0,0.0,,,,,,
207,1,DDP,,WWWTFIRU,,,2037,,,,0.0,,,,204.8474,23.5575,0.0,,,,,0.0,0.0,,,,,,
207,1,DDP,,WWWTFIRU,,,2038,,,,0.0,,,,198.3443,22.8096,0.0,,,,,0.0,0.0,,,,,,
207,1,DDP,,WWWTFIRU,,,2039,,,,0.0,,,,192.2414,22.1078,0.0,,,,,0.0,0.0,,,,,,
207,1,DDP,,WWWTFIRU,,,2040,,,,0.0,,,,186.5029,21.4478,0.0,,,,,0.0,0.0,,,,,,
207,1,DDP,,WWWTFIRU,,,2041,,,,0.0,,,,181.097,20.8262,0.0,,,,,0.0,0.0,,,,,,
207,1,DDP,,WWWTFIRU,,,2042,,,,0.0,,,,175.9956,20.2395,0.0,,,,,0.0,0.0,,,,,,
207,1,DDP,,WWWTFIRU,,,2043,,,,0.0,,,,171.1739,19.685,0.0,,,,,0.0,0.0,,,,,,
207,1,DDP,,WWWTFIRU,,,2044,,,,0.0,,,,166.6092,19.1601,0.0,,,,,0.0,0.0,,,,,,
207,1,DDP,,WWWTFIRU,,,2045,,,,0.0,,,,162.2817,18.6624,0.0,,,,,0.0,0.0,,,,,,
207,1,DDP,,WWWTFIRU,,,2046,,,,0.0,,,,158.1733,18.1899,0.0,,,,,0.0,0.0,,,,,,
207,1,DDP,,WWWTFIRU,,,2047,,,,0.0,,,,154.2678,17.7408,0.0,,,,,0.0,0.0,,,,,,
207,1,DDP,,WWWTFIRU,,,2048,,,,0.0,,,,150.5505,17.3133,0.0,,,,,0.0,0.0,,,,,,
207,1,DDP,,WWWTFIRU,,,2049,,,,0.0,,,,147.0081,16.9059,0.0,,,,,0.0,0.0,,,,,,
207,1,DDP,,WWWTFIRU,,,2050,,,,0.0,,,,143.6286,16.5173,0.0,,,,,0.0,0.0,,,,,,
207,1,DDP,,WWWTFIRU,,,2051,,,,0.0,,,,140.401,16.1461,0.0,,,,,0.0,0.0,,,,,,
207,1,DDP,,WWWTFIRU,,,2052,,,,0.0,,,,137.3153,15.7913,0.0,,,,,0.0,0.0,,,,,,
207,1,DDP,,WWWTFIRU,,,2053,,,,0.0,,,,134.3623,15.4517,0.0,,,,,0.0,0.0,,,,,,
207,1,DDP,,WWWTFIRU,,,2054,,,,0.0,,,,131.5336,15.1264,0.0,,,,,0.0,0.0,,,,,,
207,1,DDP,,WWWTFIRU,,,2055,,,,0.0,,,,128.8216,14.8145,0.0,,,,,0.0,0.0,,,,,,
207,1,DDP,,WWWTFIRU,,,2056,,,,0.0,,,,126.2191,14.5152,0.0,,,,,0.0,0.0,,,,,,
207,1,DDP,,WWWTFIRU,,,2057,,,,0.0,,,,123.7197,14.2278,0.0,,,,,0.0,0.0,,,,,,
207,1,DDP,,WWWTFIRU,,,2058,,,,0.0,,,,121.3174,13.9515,0.0,,,,,0.0,0.0,,,,,,
207,1,DDP,,WWWTFIRU,,,2059,,,,0.0,,,,119.0066,13.6858,0.0,,,,,0.0,0.0,,,,,,
207,1,DDP,,WWWTFIRU,,,2060,,,,0.0,,,,116.7822,13.4299,0.0,,,,,0.0,0.0,,,,,,
207,1,DDP,,WWWTFIRU,,,2061,,,,0.0,,,,114.6394,13.1835,0.0,,,,,0.0,0.0,,,,,,
207,1,DDP,,WWWTFIRU,,,2062,,,,0.0,,,,112.5738,12.946,0.0,,,,,0.0,0.0,,,,,,
207,1,DDP,,WWWTFIRU,,,2063,,,,0.0,,,,110.5813,12.7169,0.0,,,,,0.0,0.0,,,,,,
207,1,DDP,,WWWTFIRU,,,2064,,,,0.0,,,,108.6582,12.4957,0.0,,,,,0.0,0.0,,,,,,
207,1,DDP,,WWWTFIRU,,,2065,,,,0.0,,,,106.8008,12.2821,0.0,,,,,0.0,0.0,,,,,,
207,1,DDP,,WWWTFIRU,,,2066,,,,0.0,,,,105.0058,12.0757,0.0,,,,,0.0,0.0,,,,,,
207,1,DDP,,WWWTFIRU,,,2067,,,,0.0,,,,103.2702,11.8761,0.0,,,,,0.0,0.0,,,,,,
207,1,DDP,,WWWTFIRU,,,2068,,,,0.0,,,,101.591,11.683,0.0,,,,,0.0,0.0,,,,,,
207,1,DDP,,WWWTFIRU,,,2069,,,,0.0,,,,99.9655,11.496,0.0,,,,,0.0,0.0,,,,,,
207,1,DDP,,WWWTFIRU,,,2070,,,,0.0,,,,98.3913,11.315,0.0,,,,,0.0,0.0,,,,,,
207,1,DDP,,TWWWOT,,,2018,,,,0.0,,,,0.0,0.0,0.0,,,,,,3.791964132,,,,,,
207,1,DDP,,TWWWOT,,,2019,,,,0.0,,,,0.0,0.0,0.0,,,,,,3.75708205395,,,,,,
207,1,DDP,,TWWWOT,,,2020,,,,0.0,,,,0.0,0.0,0.0,,,,,,3.8039683087125,,,,,,
207,1,DDP,,TWWWOT,,,2021,,,,0.0,,,,0.0,0.0,0.0,,,,,,3.862234093275001,,,,,,
207,1,DDP,,TWWWOT,,,2022,,,,0.0,,,,0.0,0.0,0.0,,,,,,4.184096834668967,,,,,,
207,1,DDP,,TWWWOT,,,2023,,,,0.0,,,,0.0,0.0,0.0,,,,,,4.512617258524174,,,,,,
207,1,DDP,,TWWWOT,,,2024,,,,0.0,,,,0.0,0.0,0.0,,,,,,4.822864302059111,,,,,,
207,1,DDP,,TWWWOT,,,2025,,,,0.0,,,,0.0,0.0,0.0,,,,,,5.1057331237043595,,,,,,
207,1,DDP,,TWWWOT,,,2026,,,,0.0,,,,0.0,0.0,0.0,,,,,,5.260137418403632,,,,,,
207,1,DDP,,TWWWOT,,,2027,,,,0.0,,,,0.0,0.0,0.0,,,,,,5.4182326634151785,,,,,,
207,1,DDP,,TWWWOT,,,2028,,,,0.0,,,,0.0,0.0,0.0,,,,,,5.580360765380739,,,,,,
207,1,DDP,,TWWWOT,,,2029,,,,0.0,,,,0.0,0.0,0.0,,,,,,5.74684509920045,,,,,,
207,1,DDP,,TWWWOT,,,2030,,,,0.0,,,,0.0,0.0,0.0,,,,,,5.918097123575289,,,,,,
207,1,DDP,,TWWWOT,,,2031,,,,0.0,,,,0.0,0.0,0.0,,,,,,5.975638374180966,,,,,,
207,1,DDP,,TWWWOT,,,2032,,,,0.0,,,,0.0,0.0,0.0,,,,,,6.031253860319006,,,,,,
207,1,DDP,,TWWWOT,,,2033,,,,0.0,,,,0.0,0.0,0.0,,,,,,6.085039432489563,,,,,,
207,1,DDP,,TWWWOT,,,2034,,,,0.0,,,,0.0,0.0,0.0,,,,,,6.137059105303721,,,,,,
207,1,DDP,,TWWWOT,,,2035,,,,0.0,,,,0.0,0.0,0.0,,,,,,6.187392568496808,,,,,,
207,1,DDP,,TWWWOT,,,2036,,,,0.0,,,,0.0,0.0,0.0,,,,,,6.236096493523509,,,,,,
207,1,DDP,,TWWWOT,,,2037,,,,0.0,,,,0.0,0.0,0.0,,,,,,6.283248807491817,,,,,,
207,1,DDP,,TWWWOT,,,2038,,,,0.0,,,,0.0,0.0,0.0,,,,,,6.328892513658194,,,,,,
207,1,DDP,,TWWWOT,,,2039,,,,0.0,,,,0.0,0.0,0.0,,,,,,6.373085128826124,,,,,,
207,1,DDP,,TWWWOT,,,2040,,,,0.0,,,,0.0,0.0,0.0,,,,,,6.415869313832751,,,,,,
207,1,DDP,,TWWWOT,,,2041,,,,0.0,,,,0.0,0.0,0.0,,,,,,6.457265131381623,,,,,,
207,1,DDP,,TWWWOT,,,2042,,,,0.0,,,,0.0,0.0,0.0,,,,,,6.497301469709765,,,,,,
207,1,DDP,,TWWWOT,,,2043,,,,0.0,,,,0.0,0.0,0.0,,,,,,6.536018525273405,,,,,,
207,1,DDP,,TWWWOT,,,2044,,,,0.0,,,,0.0,0.0,0.0,,,,,,6.573427885775233,,,,,,
207,1,DDP,,TWWWOT,,,2045,,,,0.0,,,,0.0,0.0,0.0,,,,,,6.609564539938967,,,,,,
207,1,DDP,,TWWWOT,,,2046,,,,0.0,,,,0.0,0.0,0.0,,,,,,6.644436627482653,,,,,,
207,1,DDP,,TWWWOT,,,2047,,,,0.0,,,,0.0,0.0,0.0,,,,,,6.678034164608924,,,,,,
207,1,DDP,,TWWWOT,,,2048,,,,0.0,,,,0.0,0.0,0.0,,,,,,6.710391682564289,,,,,,
207,1,DDP,,TWWWOT,,,2049,,,,0.0,,,,0.0,0.0,0.0,,,,,,6.74149044501902,,,,,,
207,1,DDP,,TWWWOT,,,2050,,,,0.0,,,,0.0,0.0,0.0,,,,,,6.7713066046861465,,,,,,
207,1,DDP,,TWWWOT,,,2051,,,,0.0,,,,0.0,0.0,0.0,,,,,,6.790658230679552,,,,,,
207,1,DDP,,TWWWOT,,,2052,,,,0.0,,,,0.0,0.0,0.0,,,,,,6.808474036136786,,,,,,
207,1,DDP,,TWWWOT,,,2053,,,,0.0,,,,0.0,0.0,0.0,,,,,,6.824757325054525,,,,,,
207,1,DDP,,TWWWOT,,,2054,,,,0.0,,,,0.0,0.0,0.0,,,,,,6.839507370597461,,,,,,
207,1,DDP,,TWWWOT,,,2055,,,,0.0,,,,0.0,0.0,0.0,,,,,,6.852719389085593,,,,,,
207,1,DDP,,TWWWOT,,,2056,,,,0.0,,,,0.0,0.0,0.0,,,,,,6.864384504662234,,,,,,
207,1,DDP,,TWWWOT,,,2057,,,,0.0,,,,0.0,0.0,0.0,,,,,,6.8744897045012365,,,,,,
207,1,DDP,,TWWWOT,,,2058,,,,0.0,,,,0.0,0.0,0.0,,,,,,6.883017784388006,,,,,,
207,1,DDP,,TWWWOT,,,2059,,,,0.0,,,,0.0,0.0,0.0,,,,,,6.889947284480343,,,,,,
207,1,DDP,,TWWWOT,,,2060,,,,0.0,,,,0.0,0.0,0.0,,,,,,6.895252415029211,,,,,,
207,1,DDP,,TWWWOT,,,2061,,,,0.0,,,,0.0,0.0,0.0,,,,,,6.898902971811119,,,,,,
207,1,DDP,,TWWWOT,,,2062,,,,0.0,,,,0.0,0.0,0.0,,,,,,6.900864240993398,,,,,,
207,1,DDP,,TWWWOT,,,2063,,,,0.0,,,,0.0,0.0,0.0,,,,,,6.9010968931257555,,,,,,
207,1,DDP,,TWWWOT,,,2064,,,,0.0,,,,0.0,0.0,0.0,,,,,,6.899556865917343,,,,,,
207,1,DDP,,TWWWOT,,,2065,,,,0.0,,,,0.0,0.0,0.0,,,,,,6.896195235428737,,,,,,
207,1,DDP,,TWWWOT,,,2066,,,,0.0,,,,0.0,0.0,0.0,,,,,,6.890958075271836,,,,,,
207,1,DDP,,TWWWOT,,,2067,,,,0.0,,,,0.0,0.0,0.0,,,,,,6.883786303376447,,,,,,
207,1,DDP,,TWWWOT,,,2068,,,,0.0,,,,0.0,0.0,0.0,,,,,,6.8746155158455355,,,,,,
207,1,DDP,,TWWWOT,,,2069,,,,0.0,,,,0.0,0.0,0.0,,,,,,6.863375807380236,,,,,,
207,1,DDP,,TWWWOT,,,2070,,,,0.0,,,,0.0,0.0,0.0,,,,,,6.849991577717674,,,,,,
207,1,DDP,,SEWERWW,,,2018,,,,0.0,,,,0.0,0.0,0.0,,,,,,0.2527976088,,,,,,
207,1,DDP,,SEWERWW,,,2019,,,,0.0,,,,0.0,0.0,0.0,,,,,,0.25047213693,,,,,,
207,1,DDP,,SEWERWW,,,2020,,,,0.0,,,,0.0,0.0,0.0,,,,,,0.2535978872475,,,,,,
207,1,DDP,,SEWERWW,,,2021,,,,0.0,,,,0.0,0.0,0.0,,,,,,0.257482272885,,,,,,
207,1,DDP,,SEWERWW,,,2022,,,,0.0,,,,0.0,0.0,0.0,,,,,,0.2789397889779311,,,,,,
207,1,DDP,,SEWERWW,,,2023,,,,0.0,,,,0.0,0.0,0.0,,,,,,0.3008411505682782,,,,,,
207,1,DDP,,SEWERWW,,,2024,,,,0.0,,,,0.0,0.0,0.0,,,,,,0.38109826910004374,,,,,,
207,1,DDP,,SEWERWW,,,2025,,,,0.0,,,,0.0,0.0,0.0,,,,,,0.4693292286413478,,,,,,
207,1,DDP,,SEWERWW,,,2026,,,,0.0,,,,0.0,0.0,0.0,,,,,,0.49842850622280716,,,,,,
207,1,DDP,,SEWERWW,,,2027,,,,0.0,,,,0.0,0.0,0.0,,,,,,0.5290737589943892,,,,,,
207,1,DDP,,SEWERWW,,,2028,,,,0.0,,,,0.0,0.0,0.0,,,,,,0.5613684003759221,,,,,,
207,1,DDP,,SEWERWW,,,2029,,,,0.0,,,,0.0,0.0,0.0,,,,,,0.5954208926309297,,,,,,
207,1,DDP,,SEWERWW,,,2030,,,,0.0,,,,0.0,0.0,0.0,,,,,,0.6313561995842337,,,,,,
207,1,DDP,,SEWERWW,,,2031,,,,0.0,,,,0.0,0.0,0.0,,,,,,0.656251246637336,,,,,,
207,1,DDP,,SEWERWW,,,2032,,,,0.0,,,,0.0,0.0,0.0,,,,,,0.6816934439824159,,,,,,
207,1,DDP,,SEWERWW,,,2033,,,,0.0,,,,0.0,0.0,0.0,,,,,,0.7076997331020772,,,,,,
207,1,DDP,,SEWERWW,,,2034,,,,0.0,,,,0.0,0.0,0.0,,,,,,0.7342847816230764,,,,,,
207,1,DDP,,SEWERWW,,,2035,,,,0.0,,,,0.0,0.0,0.0,,,,,,0.7614663705200169,,,,,,
207,1,DDP,,SEWERWW,,,2036,,,,0.0,,,,0.0,0.0,0.0,,,,,,0.7892608368491495,,,,,,
207,1,DDP,,SEWERWW,,,2037,,,,0.0,,,,0.0,0.0,0.0,,,,,,0.8176885067546587,,,,,,
207,1,DDP,,SEWERWW,,,2038,,,,0.0,,,,0.0,0.0,0.0,,,,,,0.8467666371561104,,,,,,
207,1,DDP,,SEWERWW,,,2039,,,,0.0,,,,0.0,0.0,0.0,,,,,,0.8765156542815586,,,,,,
207,1,DDP,,SEWERWW,,,2040,,,,0.0,,,,0.0,0.0,0.0,,,,,,0.9069553480287167,,,,,,
207,1,DDP,,SEWERWW,,,2041,,,,0.0,,,,0.0,0.0,0.0,,,,,,0.9381035424613509,,,,,,
207,1,DDP,,SEWERWW,,,2042,,,,0.0,,,,0.0,0.0,0.0,,,,,,0.9699804123903348,,,,,,
207,1,DDP,,SEWERWW,,,2043,,,,0.0,,,,0.0,0.0,0.0,,,,,,1.0026091078372732,,,,,,
207,1,DDP,,SEWERWW,,,2044,,,,0.0,,,,0.0,0.0,0.0,,,,,,1.0360097766158645,,,,,,
207,1,DDP,,SEWERWW,,,2045,,,,0.0,,,,0.0,0.0,0.0,,,,,,1.0702074619915052,,,,,,
207,1,DDP,,SEWERWW,,,2046,,,,0.0,,,,0.0,0.0,0.0,,,,,,1.105224330662048,,,,,,
207,1,DDP,,SEWERWW,,,2047,,,,0.0,,,,0.0,0.0,0.0,,,,,,1.1410806560305131,,,,,,
207,1,DDP,,SEWERWW,,,2048,,,,0.0,,,,0.0,0.0,0.0,,,,,,1.1778054685332249,,,,,,
207,1,DDP,,SEWERWW,,,2049,,,,0.0,,,,0.0,0.0,0.0,,,,,,1.21542004952602,,,,,,
207,1,DDP,,SEWERWW,,,2050,,,,0.0,,,,0.0,0.0,0.0,,,,,,1.2539456675344713,,,,,,
207,1,DDP,,SEWERWW,,,2051,,,,0.0,,,,0.0,0.0,0.0,,,,,,1.2764395170450304,,,,,,
207,1,DDP,,SEWERWW,,,2052,,,,0.0,,,,0.0,0.0,0.0,,,,,,1.299327106132972,,,,,,
207,1,DDP,,SEWERWW,,,2053,,,,0.0,,,,0.0,0.0,0.0,,,,,,1.3226273885764592,,,,,,
207,1,DDP,,SEWERWW,,,2054,,,,0.0,,,,0.0,0.0,0.0,,,,,,1.3463597186215444,,,,,,
207,1,DDP,,SEWERWW,,,2055,,,,0.0,,,,0.0,0.0,0.0,,,,,,1.3705438778171186,,,,,,
207,1,DDP,,SEWERWW,,,2056,,,,0.0,,,,0.0,0.0,0.0,,,,,,1.3952001025736205,,,,,,
207,1,DDP,,SEWERWW,,,2057,,,,0.0,,,,0.0,0.0,0.0,,,,,,1.4203491125002545,,,,,,
207,1,DDP,,SEWERWW,,,2058,,,,0.0,,,,0.0,0.0,0.0,,,,,,1.446012139577315,,,,,,
207,1,DDP,,SEWERWW,,,2059,,,,0.0,,,,0.0,0.0,0.0,,,,,,1.472210958222293,,,,,,
207,1,DDP,,SEWERWW,,,2060,,,,0.0,,,,0.0,0.0,0.0,,,,,,1.4989679163107001,,,,,,
207,1,DDP,,SEWERWW,,,2061,,,,0.0,,,,0.0,0.0,0.0,,,,,,1.5263059672148462,,,,,,
207,1,DDP,,SEWERWW,,,2062,,,,0.0,,,,0.0,0.0,0.0,,,,,,1.5542487029264418,,,,,,
207,1,DDP,,SEWERWW,,,2063,,,,0.0,,,,0.0,0.0,0.0,,,,,,1.5828203883315906,,,,,,
207,1,DDP,,SEWERWW,,,2064,,,,0.0,,,,0.0,0.0,0.0,,,,,,1.6120459967096594,,,,,,
207,1,DDP,,SEWERWW,,,2065,,,,0.0,,,,0.0,0.0,0.0,,,,,,1.6419512465306558,,,,,,
207,1,DDP,,SEWERWW,,,2066,,,,0.0,,,,0.0,0.0,0.0,,,,,,1.672562639629085,,,,,,
207,1,DDP,,SEWERWW,,,2067,,,,0.0,,,,0.0,0.0,0.0,,,,,,1.7039075008357576,,,,,,
207,1,DDP,,SEWERWW,,,2068,,,,0.0,,,,0.0,0.0,0.0,,,,,,1.7360140191529099,,,,,,
207,1,DDP,,SEWERWW,,,2069,,,,0.0,,,,0.0,0.0,0.0,,,,,,1.7689112905619186,,,,,,
207,1,DDP,,SEWERWW,,,2070,,,,0.0,,,,0.0,0.0,0.0,,,,,,1.8026293625572827,,,,,,
207,1,DDP,,STWW,,,2018,,,,0.0,,,,210.4377,7.3653,0.0,,,,,,0.0,,,,,,
207,1,DDP,,STWW,,,2019,,,,0.0,,,,215.443,7.5405,0.0,,,,,,0.0,,,,,,
207,1,DDP,,STWW,,,2020,,,,0.0,,,,215.7777,7.5522,0.0,,,,,,0.0,,,,,,
207,1,DDP,,STWW,,,2021,,,,0.0,,,,215.443,7.5405,0.0,,,,,,0.0,,,,,,
207,1,DDP,,STWW,,,2022,,,,0.0,,,,201.5434,7.054,0.0,,,,,,0.0,,,,,,
207,1,DDP,,STWW,,,2023,,,,0.0,,,,189.3287,6.6265,0.0,,,,,,0.0,,,,,,
207,1,DDP,,STWW,,,2024,,,,0.0,,,,166.1371,6.0963,0.0,,,,,,0.052565278496564796,,,,,,
207,1,DDP,,STWW,,,2025,,,,0.0,,,,155.0334,5.9449,0.0,,,,,,0.1137767827009328,,,,,,
207,1,DDP,,STWW,,,2026,,,,0.0,,,,145.0129,5.7934,0.0,,,,,,0.16101253407671895,,,,,,
207,1,DDP,,STWW,,,2027,,,,0.0,,,,135.9245,5.6419,0.0,,,,,,0.21187587088948595,,,,,,
207,1,DDP,,STWW,,,2028,,,,0.0,,,,127.644,5.4904,0.0,,,,,,0.26658590702782814,,,,,,
207,1,DDP,,STWW,,,2029,,,,0.0,,,,120.0683,5.339,0.0,,,,,,0.3253811820872276,,,,,,
207,1,DDP,,STWW,,,2030,,,,0.0,,,,113.111,5.1875,0.0,,,,,,0.38852689205183133,,,,,,
207,1,DDP,,STWW,,,2031,,,,0.0,,,,106.6993,5.036,0.0,,,,,,0.4474118531551097,,,,,,
207,1,DDP,,STWW,,,2032,,,,0.0,,,,100.7715,4.8845,0.0,,,,,,0.5083815514445099,,,,,,
207,1,DDP,,STWW,,,2033,,,,0.0,,,,95.2748,4.7331,0.0,,,,,,0.571462011329035,,,,,,
207,1,DDP,,STWW,,,2034,,,,0.0,,,,90.1639,4.5816,0.0,,,,,,0.6366804650474092,,,,,,
207,1,DDP,,STWW,,,2035,,,,0.0,,,,85.3995,4.4301,0.0,,,,,,0.7040694079179965,,,,,,
207,1,DDP,,STWW,,,2036,,,,0.0,,,,80.9475,4.2786,0.0,,,,,,0.7736627965952119,,,,,,
207,1,DDP,,STWW,,,2037,,,,0.0,,,,76.7782,4.1272,0.0,,,,,,0.845501040998006,,,,,,
207,1,DDP,,STWW,,,2038,,,,0.0,,,,72.8654,3.9757,0.0,,,,,,0.9196241871982225,,,,,,
207,1,DDP,,STWW,,,2039,,,,0.0,,,,69.1862,3.8242,0.0,,,,,,0.9960779965871257,,,,,,
207,1,DDP,,STWW,,,2040,,,,0.0,,,,65.7204,3.6727,0.0,,,,,,1.0749100421080937,,,,,,
207,1,DDP,,STWW,,,2041,,,,0.0,,,,62.4497,3.5213,0.0,,,,,,1.1561677205175374,,,,,,
207,1,DDP,,STWW,,,2042,,,,0.0,,,,59.3583,3.3698,0.0,,,,,,1.2399031483337755,,,,,,
207,1,DDP,,STWW,,,2043,,,,0.0,,,,56.4318,3.2183,0.0,,,,,,1.326174381365658,,,,,,
207,1,DDP,,STWW,,,2044,,,,0.0,,,,53.6574,3.0668,0.0,,,,,,1.41503774367044,,,,,,
207,1,DDP,,STWW,,,2045,,,,0.0,,,,51.0234,2.9154,0.0,,,,,,1.506558143919372,,,,,,
207,1,DDP,,STWW,,,2046,,,,0.0,,,,48.5194,2.7639,0.0,,,,,,1.6007986921264095,,,,,,
207,1,DDP,,STWW,,,2047,,,,0.0,,,,46.136,2.6124,0.0,,,,,,1.697821426487436,,,,,,
207,1,DDP,,STWW,,,2048,,,,0.0,,,,43.865,2.4609,0.0,,,,,,1.7977030835507033,,,,,,
207,1,DDP,,STWW,,,2049,,,,0.0,,,,41.6982,2.3095,0.0,,,,,,1.9005108317000374,,,,,,
207,1,DDP,,STWW,,,2050,,,,0.0,,,,39.6289,2.158,0.0,,,,,,2.0063130680551544,,,,,,
207,1,DDP,,STWW,,,2051,,,,0.0,,,,36.0243,2.0065,0.0,,,,,,2.14441838863566,,,,,,
207,1,DDP,,STWW,,,2052,,,,0.0,,,,32.4196,1.855,0.0,,,,,,2.286815706794019,,,,,,
207,1,DDP,,STWW,,,2053,,,,0.0,,,,28.8149,1.7036,0.0,,,,,,2.433634394980689,,,,,,
207,1,DDP,,STWW,,,2054,,,,0.0,,,,25.2102,1.5521,0.0,,,,,,2.585010659753348,,,,,,
207,1,DDP,,STWW,,,2055,,,,0.0,,,,21.6056,1.4006,0.0,,,,,,2.7410877556342372,,,,,,
207,1,DDP,,STWW,,,2056,,,,0.0,,,,18.0009,1.2491,0.0,,,,,,2.9020162133531078,,,,,,
207,1,DDP,,STWW,,,2057,,,,0.0,,,,14.3962,1.0977,0.0,,,,,,3.067954083000545,,,,,,
207,1,DDP,,STWW,,,2058,,,,0.0,,,,10.7916,0.9462,0.0,,,,,,3.239067192653198,,,,,,
207,1,DDP,,STWW,,,2059,,,,0.0,,,,7.1869,0.7947,0.0,,,,,,3.41552942307571,,,,,,
207,1,DDP,,STWW,,,2060,,,,0.0,,,,3.5822,0.6432,0.0,,,,,,3.597522999145689,,,,,,
207,1,DDP,,STWW,,,2061,,,,0.0,,,,-0.0224,0.4918,0.0,,,,,,3.7852387986928036,,,,,,
207,1,DDP,,STWW,,,2062,,,,0.0,,,,-3.6271,0.3403,0.0,,,,,,3.9788766794916945,,,,,,
207,1,DDP,,STWW,,,2063,,,,0.0,,,,-7.2318,0.1888,0.0,,,,,,4.178645825195377,,,,,,
207,1,DDP,,STWW,,,2064,,,,0.0,,,,-10.8364,0.0373,0.0,,,,,,4.384765111050271,,,,,,
207,1,DDP,,STWW,,,2065,,,,0.0,,,,-14.4411,-0.1141,0.0,,,,,,4.597463490285855,,,,,,
207,1,DDP,,STWW,,,2066,,,,0.0,,,,-18.0458,-0.2656,0.0,,,,,,4.816980402131757,,,,,,
207,1,DDP,,STWW,,,2067,,,,0.0,,,,-21.6504,-0.4171,0.0,,,,,,5.043566202473857,,,,,,
207,1,DDP,,STWW,,,2068,,,,0.0,,,,-25.2551,-0.5685,0.0,,,,,,5.277482618224832,,,,,,
207,1,DDP,,STWW,,,2069,,,,0.0,,,,-28.8598,-0.72,0.0,,,,,,5.519003226553193,,,,,,
207,1,DDP,,STWW,,,2070,,,,0.0,,,,-32.4644,-0.8715,0.0,,,,,,5.768413960183305,,,,,,
207,1,DDP,OSS_INORG,OSS_INORG,,,2018,,,,,1.0,,,,,,,,,,,,,,,,,
207,1,DDP,OSS_INORG,OSS_INORG,,,2019,,,,,1.0,,,,,,,,,,,,,,,,,
207,1,DDP,OSS_INORG,OSS_INORG,,,2020,,,,,1.0,,,,,,,,,,,,,,,,,
207,1,DDP,OSS_INORG,OSS_INORG,,,2021,,,,,1.0,,,,,,,,,,,,,,,,,
207,1,DDP,OSS_INORG,OSS_INORG,,,2022,,,,,1.0,,,,,,,,,,,,,,,,,
207,1,DDP,OSS_INORG,OSS_INORG,,,2023,,,,,1.0,,,,,,,,,,,,,,,,,
207,1,DDP,OSS_INORG,OSS_INORG,,,2024,,,,,1.0,,,,,,,,,,,,,,,,,
207,1,DDP,OSS_INORG,OSS_INORG,,,2025,,,,,1.0,,,,,,,,,,,,,,,,,
207,1,DDP,OSS_INORG,OSS_INORG,,,2026,,,,,1.0,,,,,,,,,,,,,,,,,
207,1,DDP,OSS_INORG,OSS_INORG,,,2027,,,,,1.0,,,,,,,,,,,,,,,,,
207,1,DDP,OSS_INORG,OSS_INORG,,,2028,,,,,1.0,,,,,,,,,,,,,,,,,
207,1,DDP,OSS_INORG,OSS_INORG,,,2029,,,,,1.0,,,,,,,,,,,,,,,,,
207,1,DDP,OSS_INORG,OSS_INORG,,,2030,,,,,1.0,,,,,,,,,,,,,,,,,
207,1,DDP,OSS_INORG,OSS_INORG,,,2031,,,,,1.0,,,,,,,,,,,,,,,,,
207,1,DDP,OSS_INORG,OSS_INORG,,,2032,,,,,1.0,,,,,,,,,,,,,,,,,
207,1,DDP,OSS_INORG,OSS_INORG,,,2033,,,,,1.0,,,,,,,,,,,,,,,,,
207,1,DDP,OSS_INORG,OSS_INORG,,,2034,,,,,1.0,,,,,,,,,,,,,,,,,
207,1,DDP,OSS_INORG,OSS_INORG,,,2035,,,,,1.0,,,,,,,,,,,,,,,,,
207,1,DDP,OSS_INORG,OSS_INORG,,,2036,,,,,1.0,,,,,,,,,,,,,,,,,
207,1,DDP,OSS_INORG,OSS_INORG,,,2037,,,,,1.0,,,,,,,,,,,,,,,,,
207,1,DDP,OSS_INORG,OSS_INORG,,,2038,,,,,1.0,,,,,,,,,,,,,,,,,
207,1,DDP,OSS_INORG,OSS_INORG,,,2039,,,,,1.0,,,,,,,,,,,,,,,,,
207,1,DDP,OSS_INORG,OSS_INORG,,,2040,,,,,1.0,,,,,,,,,,,,,,,,,
207,1,DDP,OSS_INORG,OSS_INORG,,,2041,,,,,1.0,,,,,,,,,,,,,,,,,
207,1,DDP,OSS_INORG,OSS_INORG,,,2042,,,,,1.0,,,,,,,,,,,,,,,,,
207,1,DDP,OSS_INORG,OSS_INORG,,,2043,,,,,1.0,,,,,,,,,,,,,,,,,
207,1,DDP,OSS_INORG,OSS_INORG,,,2044,,,,,1.0,,,,,,,,,,,,,,,,,
207,1,DDP,OSS_INORG,OSS_INORG,,,2045,,,,,1.0,,,,,,,,,,,,,,,,,
207,1,DDP,OSS_INORG,OSS_INORG,,,2046,,,,,1.0,,,,,,,,,,,,,,,,,
207,1,DDP,OSS_INORG,OSS_INORG,,,2047,,,,,1.0,,,,,,,,,,,,,,,,,
207,1,DDP,OSS_INORG,OSS_INORG,,,2048,,,,,1.0,,,,,,,,,,,,,,,,,
207,1,DDP,OSS_INORG,OSS_INORG,,,2049,,,,,1.0,,,,,,,,,,,,,,,,,
207,1,DDP,OSS_INORG,OSS_INORG,,,2050,,,,,1.0,,,,,,,,,,,,,,,,,
207,1,DDP,OSS_INORG,OSS_INORG,,,2051,,,,,1.0,,,,,,,,,,,,,,,,,
207,1,DDP,OSS_INORG,OSS_INORG,,,2052,,,,,1.0,,,,,,,,,,,,,,,,,
207,1,DDP,OSS_INORG,OSS_INORG,,,2053,,,,,1.0,,,,,,,,,,,,,,,,,
207,1,DDP,OSS_INORG,OSS_INORG,,,2054,,,,,1.0,,,,,,,,,,,,,,,,,
207,1,DDP,OSS_INORG,OSS_INORG,,,2055,,,,,1.0,,,,,,,,,,,,,,,,,
207,1,DDP,OSS_INORG,OSS_INORG,,,2056,,,,,1.0,,,,,,,,,,,,,,,,,
207,1,DDP,OSS_INORG,OSS_INORG,,,2057,,,,,1.0,,,,,,,,,,,,,,,,,
207,1,DDP,OSS_INORG,OSS_INORG,,,2058,,,,,1.0,,,,,,,,,,,,,,,,,
207,1,DDP,OSS_INORG,OSS_INORG,,,2059,,,,,1.0,,,,,,,,,,,,,,,,,
207,1,DDP,OSS_INORG,OSS_INORG,,,2060,,,,,1.0,,,,,,,,,,,,,,,,,
207,1,DDP,OSS_INORG,OSS_INORG,,,2061,,,,,1.0,,,,,,,,,,,,,,,,,
207,1,DDP,OSS_INORG,OSS_INORG,,,2062,,,,,1.0,,,,,,,,,,,,,,,,,
207,1,DDP,OSS_INORG,OSS_INORG,,,2063,,,,,1.0,,,,,,,,,,,,,,,,,
207,1,DDP,OSS_INORG,OSS_INORG,,,2064,,,,,1.0,,,,,,,,,,,,,,,,,
207,1,DDP,OSS_INORG,OSS_INORG,,,2065,,,,,1.0,,,,,,,,,,,,,,,,,
207,1,DDP,OSS_INORG,OSS_INORG,,,2066,,,,,1.0,,,,,,,,,,,,,,,,,
207,1,DDP,OSS_INORG,OSS_INORG,,,2067,,,,,1.0,,,,,,,,,,,,,,,,,
207,1,DDP,OSS_INORG,OSS_INORG,,,2068,,,,,1.0,,,,,,,,,,,,,,,,,
207,1,DDP,OSS_INORG,OSS_INORG,,,2069,,,,,1.0,,,,,,,,,,,,,,,,,
207,1,DDP,OSS_INORG,OSS_INORG,,,2070,,,,,1.0,,,,,,,,,,,,,,,,,
207,1,DDP,OSS_ORG,OSS_ORG,,,2018,,,,,1.0,,,,,,,,,,,,,,,,,
207,1,DDP,OSS_ORG,OSS_ORG,,,2019,,,,,1.0,,,,,,,,,,,,,,,,,
207,1,DDP,OSS_ORG,OSS_ORG,,,2020,,,,,1.0,,,,,,,,,,,,,,,,,
207,1,DDP,OSS_ORG,OSS_ORG,,,2021,,,,,1.0,,,,,,,,,,,,,,,,,
207,1,DDP,OSS_ORG,OSS_ORG,,,2022,,,,,1.0,,,,,,,,,,,,,,,,,
207,1,DDP,OSS_ORG,OSS_ORG,,,2023,,,,,1.0,,,,,,,,,,,,,,,,,
207,1,DDP,OSS_ORG,OSS_ORG,,,2024,,,,,1.0,,,,,,,,,,,,,,,,,
207,1,DDP,OSS_ORG,OSS_ORG,,,2025,,,,,1.0,,,,,,,,,,,,,,,,,
207,1,DDP,OSS_ORG,OSS_ORG,,,2026,,,,,1.0,,,,,,,,,,,,,,,,,
207,1,DDP,OSS_ORG,OSS_ORG,,,2027,,,,,1.0,,,,,,,,,,,,,,,,,
207,1,DDP,OSS_ORG,OSS_ORG,,,2028,,,,,1.0,,,,,,,,,,,,,,,,,
207,1,DDP,OSS_ORG,OSS_ORG,,,2029,,,,,1.0,,,,,,,,,,,,,,,,,
207,1,DDP,OSS_ORG,OSS_ORG,,,2030,,,,,1.0,,,,,,,,,,,,,,,,,
207,1,DDP,OSS_ORG,OSS_ORG,,,2031,,,,,1.0,,,,,,,,,,,,,,,,,
207,1,DDP,OSS_ORG,OSS_ORG,,,2032,,,,,1.0,,,,,,,,,,,,,,,,,
207,1,DDP,OSS_ORG,OSS_ORG,,,2033,,,,,1.0,,,,,,,,,,,,,,,,,
207,1,DDP,OSS_ORG,OSS_ORG,,,2034,,,,,1.0,,,,,,,,,,,,,,,,,
207,1,DDP,OSS_ORG,OSS_ORG,,,2035,,,,,1.0,,,,,,,,,,,,,,,,,
207,1,DDP,OSS_ORG,OSS_ORG,,,2036,,,,,1.0,,,,,,,,,,,,,,,,,
207,1,DDP,OSS_ORG,OSS_ORG,,,2037,,,,,1.0,,,,,,,,,,,,,,,,,
207,1,DDP,OSS_ORG,OSS_ORG,,,2038,,,,,1.0,,,,,,,,,,,,,,,,,
207,1,DDP,OSS_ORG,OSS_ORG,,,2039,,,,,1.0,,,,,,,,,,,,,,,,,
207,1,DDP,OSS_ORG,OSS_ORG,,,2040,,,,,1.0,,,,,,,,,,,,,,,,,
207,1,DDP,OSS_ORG,OSS_ORG,,,2041,,,,,1.0,,,,,,,,,,,,,,,,,
207,1,DDP,OSS_ORG,OSS_ORG,,,2042,,,,,1.0,,,,,,,,,,,,,,,,,
207,1,DDP,OSS_ORG,OSS_ORG,,,2043,,,,,1.0,,,,,,,,,,,,,,,,,
207,1,DDP,OSS_ORG,OSS_ORG,,,2044,,,,,1.0,,,,,,,,,,,,,,,,,
207,1,DDP,OSS_ORG,OSS_ORG,,,2045,,,,,1.0,,,,,,,,,,,,,,,,,
207,1,DDP,OSS_ORG,OSS_ORG,,,2046,,,,,1.0,,,,,,,,,,,,,,,,,
207,1,DDP,OSS_ORG,OSS_ORG,,,2047,,,,,1.0,,,,,,,,,,,,,,,,,
207,1,DDP,OSS_ORG,OSS_ORG,,,2048,,,,,1.0,,,,,,,,,,,,,,,,,
207,1,DDP,OSS_ORG,OSS_ORG,,,2049,,,,,1.0,,,,,,,,,,,,,,,,,
207,1,DDP,OSS_ORG,OSS_ORG,,,2050,,,,,1.0,,,,,,,,,,,,,,,,,
207,1,DDP,OSS_ORG,OSS_ORG,,,2051,,,,,1.0,,,,,,,,,,,,,,,,,
207,1,DDP,OSS_ORG,OSS_ORG,,,2052,,,,,1.0,,,,,,,,,,,,,,,,,
207,1,DDP,OSS_ORG,OSS_ORG,,,2053,,,,,1.0,,,,,,,,,,,,,,,,,
207,1,DDP,OSS_ORG,OSS_ORG,,,2054,,,,,1.0,,,,,,,,,,,,,,,,,
207,1,DDP,OSS_ORG,OSS_ORG,,,2055,,,,,1.0,,,,,,,,,,,,,,,,,
207,1,DDP,OSS_ORG,OSS_ORG,,,2056,,,,,1.0,,,,,,,,,,,,,,,,,
207,1,DDP,OSS_ORG,OSS_ORG,,,2057,,,,,1.0,,,,,,,,,,,,,,,,,
207,1,DDP,OSS_ORG,OSS_ORG,,,2058,,,,,1.0,,,,,,,,,,,,,,,,,
207,1,DDP,OSS_ORG,OSS_ORG,,,2059,,,,,1.0,,,,,,,,,,,,,,,,,
207,1,DDP,OSS_ORG,OSS_ORG,,,2060,,,,,1.0,,,,,,,,,,,,,,,,,
207,1,DDP,OSS_ORG,OSS_ORG,,,2061,,,,,1.0,,,,,,,,,,,,,,,,,
207,1,DDP,OSS_ORG,OSS_ORG,,,2062,,,,,1.0,,,,,,,,,,,,,,,,,
207,1,DDP,OSS_ORG,OSS_ORG,,,2063,,,,,1.0,,,,,,,,,,,,,,,,,
207,1,DDP,OSS_ORG,OSS_ORG,,,2064,,,,,1.0,,,,,,,,,,,,,,,,,
207,1,DDP,OSS_ORG,OSS_ORG,,,2065,,,,,1.0,,,,,,,,,,,,,,,,,
207,1,DDP,OSS_ORG,OSS_ORG,,,2066,,,,,1.0,,,,,,,,,,,,,,,,,
207,1,DDP,OSS_ORG,OSS_ORG,,,2067,,,,,1.0,,,,,,,,,,,,,,,,,
207,1,DDP,OSS_ORG,OSS_ORG,,,2068,,,,,1.0,,,,,,,,,,,,,,,,,
207,1,DDP,OSS_ORG,OSS_ORG,,,2069,,,,,1.0,,,,,,,,,,,,,,,,,
207,1,DDP,OSS_ORG,OSS_ORG,,,2070,,,,,1.0,,,,,,,,,,,,,,,,,
207,1,DDP,NO_OSS,NO_OSS_BLEND,,,2018,,,,,1.0,,,,,,,,,,,,,,,,,
207,1,DDP,NO_OSS,NO_OSS_BLEND,,,2019,,,,,1.0,,,,,,,,,,,,,,,,,
207,1,DDP,NO_OSS,NO_OSS_BLEND,,,2020,,,,,1.0,,,,,,,,,,,,,,,,,
207,1,DDP,NO_OSS,NO_OSS_BLEND,,,2021,,,,,1.0,,,,,,,,,,,,,,,,,
207,1,DDP,NO_OSS,NO_OSS_BLEND,,,2022,,,,,1.0,,,,,,,,,,,,,,,,,
207,1,DDP,NO_OSS,NO_OSS_BLEND,,,2023,,,,,1.0,,,,,,,,,,,,,,,,,
207,1,DDP,NO_OSS,NO_OSS_BLEND,,,2024,,,,,1.0,,,,,,,,,,,,,,,,,
207,1,DDP,NO_OSS,NO_OSS_BLEND,,,2025,,,,,1.0,,,,,,,,,,,,,,,,,
207,1,DDP,NO_OSS,NO_OSS_BLEND,,,2026,,,,,1.0,,,,,,,,,,,,,,,,,
207,1,DDP,NO_OSS,NO_OSS_BLEND,,,2027,,,,,1.0,,,,,,,,,,,,,,,,,
207,1,DDP,NO_OSS,NO_OSS_BLEND,,,2028,,,,,1.0,,,,,,,,,,,,,,,,,
207,1,DDP,NO_OSS,NO_OSS_BLEND,,,2029,,,,,1.0,,,,,,,,,,,,,,,,,
207,1,DDP,NO_OSS,NO_OSS_BLEND,,,2030,,,,,1.0,,,,,,,,,,,,,,,,,
207,1,DDP,NO_OSS,NO_OSS_BLEND,,,2031,,,,,1.0,,,,,,,,,,,,,,,,,
207,1,DDP,NO_OSS,NO_OSS_BLEND,,,2032,,,,,1.0,,,,,,,,,,,,,,,,,
207,1,DDP,NO_OSS,NO_OSS_BLEND,,,2033,,,,,1.0,,,,,,,,,,,,,,,,,
207,1,DDP,NO_OSS,NO_OSS_BLEND,,,2034,,,,,1.0,,,,,,,,,,,,,,,,,
207,1,DDP,NO_OSS,NO_OSS_BLEND,,,2035,,,,,1.0,,,,,,,,,,,,,,,,,
207,1,DDP,NO_OSS,NO_OSS_BLEND,,,2036,,,,,1.0,,,,,,,,,,,,,,,,,
207,1,DDP,NO_OSS,NO_OSS_BLEND,,,2037,,,,,1.0,,,,,,,,,,,,,,,,,
207,1,DDP,NO_OSS,NO_OSS_BLEND,,,2038,,,,,1.0,,,,,,,,,,,,,,,,,
207,1,DDP,NO_OSS,NO_OSS_BLEND,,,2039,,,,,1.0,,,,,,,,,,,,,,,,,
207,1,DDP,NO_OSS,NO_OSS_BLEND,,,2040,,,,,1.0,,,,,,,,,,,,,,,,,
207,1,DDP,NO_OSS,NO_OSS_BLEND,,,2041,,,,,1.0,,,,,,,,,,,,,,,,,
207,1,DDP,NO_OSS,NO_OSS_BLEND,,,2042,,,,,1.0,,,,,,,,,,,,,,,,,
207,1,DDP,NO_OSS,NO_OSS_BLEND,,,2043,,,,,1.0,,,,,,,,,,,,,,,,,
207,1,DDP,NO_OSS,NO_OSS_BLEND,,,2044,,,,,1.0,,,,,,,,,,,,,,,,,
207,1,DDP,NO_OSS,NO_OSS_BLEND,,,2045,,,,,1.0,,,,,,,,,,,,,,,,,
207,1,DDP,NO_OSS,NO_OSS_BLEND,,,2046,,,,,1.0,,,,,,,,,,,,,,,,,
207,1,DDP,NO_OSS,NO_OSS_BLEND,,,2047,,,,,1.0,,,,,,,,,,,,,,,,,
207,1,DDP,NO_OSS,NO_OSS_BLEND,,,2048,,,,,1.0,,,,,,,,,,,,,,,,,
207,1,DDP,NO_OSS,NO_OSS_BLEND,,,2049,,,,,1.0,,,,,,,,,,,,,,,,,
207,1,DDP,NO_OSS,NO_OSS_BLEND,,,2050,,,,,1.0,,,,,,,,,,,,,,,,,
207,1,DDP,NO_OSS,NO_OSS_BLEND,,,2051,,,,,1.0,,,,,,,,,,,,,,,,,
207,1,DDP,NO_OSS,NO_OSS_BLEND,,,2052,,,,,1.0,,,,,,,,,,,,,,,,,
207,1,DDP,NO_OSS,NO_OSS_BLEND,,,2053,,,,,1.0,,,,,,,,,,,,,,,,,
207,1,DDP,NO_OSS,NO_OSS_BLEND,,,2054,,,,,1.0,,,,,,,,,,,,,,,,,
207,1,DDP,NO_OSS,NO_OSS_BLEND,,,2055,,,,,1.0,,,,,,,,,,,,,,,,,
207,1,DDP,NO_OSS,NO_OSS_BLEND,,,2056,,,,,1.0,,,,,,,,,,,,,,,,,
207,1,DDP,NO_OSS,NO_OSS_BLEND,,,2057,,,,,1.0,,,,,,,,,,,,,,,,,
207,1,DDP,NO_OSS,NO_OSS_BLEND,,,2058,,,,,1.0,,,,,,,,,,,,,,,,,
207,1,DDP,NO_OSS,NO_OSS_BLEND,,,2059,,,,,1.0,,,,,,,,,,,,,,,,,
207,1,DDP,NO_OSS,NO_OSS_BLEND,,,2060,,,,,1.0,,,,,,,,,,,,,,,,,
207,1,DDP,NO_OSS,NO_OSS_BLEND,,,2061,,,,,1.0,,,,,,,,,,,,,,,,,
207,1,DDP,NO_OSS,NO_OSS_BLEND,,,2062,,,,,1.0,,,,,,,,,,,,,,,,,
207,1,DDP,NO_OSS,NO_OSS_BLEND,,,2063,,,,,1.0,,,,,,,,,,,,,,,,,
207,1,DDP,NO_OSS,NO_OSS_BLEND,,,2064,,,,,1.0,,,,,,,,,,,,,,,,,
207,1,DDP,NO_OSS,NO_OSS_BLEND,,,2065,,,,,1.0,,,,,,,,,,,,,,,,,
207,1,DDP,NO_OSS,NO_OSS_BLEND,,,2066,,,,,1.0,,,,,,,,,,,,,,,,,
207,1,DDP,NO_OSS,NO_OSS_BLEND,,,2067,,,,,1.0,,,,,,,,,,,,,,,,,
207,1,DDP,NO_OSS,NO_OSS_BLEND,,,2068,,,,,1.0,,,,,,,,,,,,,,,,,
207,1,DDP,NO_OSS,NO_OSS_BLEND,,,2069,,,,,1.0,,,,,,,,,,,,,,,,,
207,1,DDP,NO_OSS,NO_OSS_BLEND,,,2070,,,,,1.0,,,,,,,,,,,,,,,,,
207,1,DDP,COLL_INORG,INORG_DCOLL,,,2018,,,,,1.0,,,,,,,,,,,,,,,,,
207,1,DDP,COLL_INORG,INORG_DCOLL,,,2019,,,,,1.0,,,,,,,,,,,,,,,,,
207,1,DDP,COLL_INORG,INORG_DCOLL,,,2020,,,,,1.0,,,,,,,,,,,,,,,,,
207,1,DDP,COLL_INORG,INORG_DCOLL,,,2021,,,,,1.0,,,,,,,,,,,,,,,,,
207,1,DDP,COLL_INORG,INORG_DCOLL,,,2022,,,,,1.0,,,,,,,,,,,,,,,,,
207,1,DDP,COLL_INORG,INORG_DCOLL,,,2023,,,,,1.0,,,,,,,,,,,,,,,,,
207,1,DDP,COLL_INORG,INORG_DCOLL,,,2024,,,,,1.0,,,,,,,,,,,,,,,,,
207,1,DDP,COLL_INORG,INORG_DCOLL,,,2025,,,,,1.0,,,,,,,,,,,,,,,,,
207,1,DDP,COLL_INORG,INORG_DCOLL,,,2026,,,,,1.0,,,,,,,,,,,,,,,,,
207,1,DDP,COLL_INORG,INORG_DCOLL,,,2027,,,,,1.0,,,,,,,,,,,,,,,,,
207,1,DDP,COLL_INORG,INORG_DCOLL,,,2028,,,,,1.0,,,,,,,,,,,,,,,,,
207,1,DDP,COLL_INORG,INORG_DCOLL,,,2029,,,,,1.0,,,,,,,,,,,,,,,,,
207,1,DDP,COLL_INORG,INORG_DCOLL,,,2030,,,,,1.0,,,,,,,,,,,,,,,,,
207,1,DDP,COLL_INORG,INORG_DCOLL,,,2031,,,,,1.0,,,,,,,,,,,,,,,,,
207,1,DDP,COLL_INORG,INORG_DCOLL,,,2032,,,,,1.0,,,,,,,,,,,,,,,,,
207,1,DDP,COLL_INORG,INORG_DCOLL,,,2033,,,,,1.0,,,,,,,,,,,,,,,,,
207,1,DDP,COLL_INORG,INORG_DCOLL,,,2034,,,,,1.0,,,,,,,,,,,,,,,,,
207,1,DDP,COLL_INORG,INORG_DCOLL,,,2035,,,,,1.0,,,,,,,,,,,,,,,,,
207,1,DDP,COLL_INORG,INORG_DCOLL,,,2036,,,,,1.0,,,,,,,,,,,,,,,,,
207,1,DDP,COLL_INORG,INORG_DCOLL,,,2037,,,,,1.0,,,,,,,,,,,,,,,,,
207,1,DDP,COLL_INORG,INORG_DCOLL,,,2038,,,,,1.0,,,,,,,,,,,,,,,,,
207,1,DDP,COLL_INORG,INORG_DCOLL,,,2039,,,,,1.0,,,,,,,,,,,,,,,,,
207,1,DDP,COLL_INORG,INORG_DCOLL,,,2040,,,,,1.0,,,,,,,,,,,,,,,,,
207,1,DDP,COLL_INORG,INORG_DCOLL,,,2041,,,,,1.0,,,,,,,,,,,,,,,,,
207,1,DDP,COLL_INORG,INORG_DCOLL,,,2042,,,,,1.0,,,,,,,,,,,,,,,,,
207,1,DDP,COLL_INORG,INORG_DCOLL,,,2043,,,,,1.0,,,,,,,,,,,,,,,,,
207,1,DDP,COLL_INORG,INORG_DCOLL,,,2044,,,,,1.0,,,,,,,,,,,,,,,,,
207,1,DDP,COLL_INORG,INORG_DCOLL,,,2045,,,,,1.0,,,,,,,,,,,,,,,,,
207,1,DDP,COLL_INORG,INORG_DCOLL,,,2046,,,,,1.0,,,,,,,,,,,,,,,,,
207,1,DDP,COLL_INORG,INORG_DCOLL,,,2047,,,,,1.0,,,,,,,,,,,,,,,,,
207,1,DDP,COLL_INORG,INORG_DCOLL,,,2048,,,,,1.0,,,,,,,,,,,,,,,,,
207,1,DDP,COLL_INORG,INORG_DCOLL,,,2049,,,,,1.0,,,,,,,,,,,,,,,,,
207,1,DDP,COLL_INORG,INORG_DCOLL,,,2050,,,,,1.0,,,,,,,,,,,,,,,,,
207,1,DDP,COLL_INORG,INORG_DCOLL,,,2051,,,,,1.0,,,,,,,,,,,,,,,,,
207,1,DDP,COLL_INORG,INORG_DCOLL,,,2052,,,,,1.0,,,,,,,,,,,,,,,,,
207,1,DDP,COLL_INORG,INORG_DCOLL,,,2053,,,,,1.0,,,,,,,,,,,,,,,,,
207,1,DDP,COLL_INORG,INORG_DCOLL,,,2054,,,,,1.0,,,,,,,,,,,,,,,,,
207,1,DDP,COLL_INORG,INORG_DCOLL,,,2055,,,,,1.0,,,,,,,,,,,,,,,,,
207,1,DDP,COLL_INORG,INORG_DCOLL,,,2056,,,,,1.0,,,,,,,,,,,,,,,,,
207,1,DDP,COLL_INORG,INORG_DCOLL,,,2057,,,,,1.0,,,,,,,,,,,,,,,,,
207,1,DDP,COLL_INORG,INORG_DCOLL,,,2058,,,,,1.0,,,,,,,,,,,,,,,,,
207,1,DDP,COLL_INORG,INORG_DCOLL,,,2059,,,,,1.0,,,,,,,,,,,,,,,,,
207,1,DDP,COLL_INORG,INORG_DCOLL,,,2060,,,,,1.0,,,,,,,,,,,,,,,,,
207,1,DDP,COLL_INORG,INORG_DCOLL,,,2061,,,,,1.0,,,,,,,,,,,,,,,,,
207,1,DDP,COLL_INORG,INORG_DCOLL,,,2062,,,,,1.0,,,,,,,,,,,,,,,,,
207,1,DDP,COLL_INORG,INORG_DCOLL,,,2063,,,,,1.0,,,,,,,,,,,,,,,,,
207,1,DDP,COLL_INORG,INORG_DCOLL,,,2064,,,,,1.0,,,,,,,,,,,,,,,,,
207,1,DDP,COLL_INORG,INORG_DCOLL,,,2065,,,,,1.0,,,,,,,,,,,,,,,,,
207,1,DDP,COLL_INORG,INORG_DCOLL,,,2066,,,,,1.0,,,,,,,,,,,,,,,,,
207,1,DDP,COLL_INORG,INORG_DCOLL,,,2067,,,,,1.0,,,,,,,,,,,,,,,,,
207,1,DDP,COLL_INORG,INORG_DCOLL,,,2068,,,,,1.0,,,,,,,,,,,,,,,,,
207,1,DDP,COLL_INORG,INORG_DCOLL,,,2069,,,,,1.0,,,,,,,,,,,,,,,,,
207,1,DDP,COLL_INORG,INORG_DCOLL,,,2070,,,,,1.0,,,,,,,,,,,,,,,,,
207,1,DDP,COLL_ORG,ORG_DCOLL,,,2018,,,,,1.0,,,,,,,,,,,,,,,,,
207,1,DDP,COLL_ORG,ORG_DCOLL,,,2019,,,,,1.0,,,,,,,,,,,,,,,,,
207,1,DDP,COLL_ORG,ORG_DCOLL,,,2020,,,,,1.0,,,,,,,,,,,,,,,,,
207,1,DDP,COLL_ORG,ORG_DCOLL,,,2021,,,,,1.0,,,,,,,,,,,,,,,,,
207,1,DDP,COLL_ORG,ORG_DCOLL,,,2022,,,,,1.0,,,,,,,,,,,,,,,,,
207,1,DDP,COLL_ORG,ORG_DCOLL,,,2023,,,,,1.0,,,,,,,,,,,,,,,,,
207,1,DDP,COLL_ORG,ORG_DCOLL,,,2024,,,,,1.0,,,,,,,,,,,,,,,,,
207,1,DDP,COLL_ORG,ORG_DCOLL,,,2025,,,,,1.0,,,,,,,,,,,,,,,,,
207,1,DDP,COLL_ORG,ORG_DCOLL,,,2026,,,,,1.0,,,,,,,,,,,,,,,,,
207,1,DDP,COLL_ORG,ORG_DCOLL,,,2027,,,,,1.0,,,,,,,,,,,,,,,,,
207,1,DDP,COLL_ORG,ORG_DCOLL,,,2028,,,,,1.0,,,,,,,,,,,,,,,,,
207,1,DDP,COLL_ORG,ORG_DCOLL,,,2029,,,,,1.0,,,,,,,,,,,,,,,,,
207,1,DDP,COLL_ORG,ORG_DCOLL,,,2030,,,,,1.0,,,,,,,,,,,,,,,,,
207,1,DDP,COLL_ORG,ORG_DCOLL,,,2031,,,,,1.0,,,,,,,,,,,,,,,,,
207,1,DDP,COLL_ORG,ORG_DCOLL,,,2032,,,,,1.0,,,,,,,,,,,,,,,,,
207,1,DDP,COLL_ORG,ORG_DCOLL,,,2033,,,,,1.0,,,,,,,,,,,,,,,,,
207,1,DDP,COLL_ORG,ORG_DCOLL,,,2034,,,,,1.0,,,,,,,,,,,,,,,,,
207,1,DDP,COLL_ORG,ORG_DCOLL,,,2035,,,,,1.0,,,,,,,,,,,,,,,,,
207,1,DDP,COLL_ORG,ORG_DCOLL,,,2036,,,,,1.0,,,,,,,,,,,,,,,,,
207,1,DDP,COLL_ORG,ORG_DCOLL,,,2037,,,,,1.0,,,,,,,,,,,,,,,,,
207,1,DDP,COLL_ORG,ORG_DCOLL,,,2038,,,,,1.0,,,,,,,,,,,,,,,,,
207,1,DDP,COLL_ORG,ORG_DCOLL,,,2039,,,,,1.0,,,,,,,,,,,,,,,,,
207,1,DDP,COLL_ORG,ORG_DCOLL,,,2040,,,,,1.0,,,,,,,,,,,,,,,,,
207,1,DDP,COLL_ORG,ORG_DCOLL,,,2041,,,,,1.0,,,,,,,,,,,,,,,,,
207,1,DDP,COLL_ORG,ORG_DCOLL,,,2042,,,,,1.0,,,,,,,,,,,,,,,,,
207,1,DDP,COLL_ORG,ORG_DCOLL,,,2043,,,,,1.0,,,,,,,,,,,,,,,,,
207,1,DDP,COLL_ORG,ORG_DCOLL,,,2044,,,,,1.0,,,,,,,,,,,,,,,,,
207,1,DDP,COLL_ORG,ORG_DCOLL,,,2045,,,,,1.0,,,,,,,,,,,,,,,,,
207,1,DDP,COLL_ORG,ORG_DCOLL,,,2046,,,,,1.0,,,,,,,,,,,,,,,,,
207,1,DDP,COLL_ORG,ORG_DCOLL,,,2047,,,,,1.0,,,,,,,,,,,,,,,,,
207,1,DDP,COLL_ORG,ORG_DCOLL,,,2048,,,,,1.0,,,,,,,,,,,,,,,,,
207,1,DDP,COLL_ORG,ORG_DCOLL,,,2049,,,,,1.0,,,,,,,,,,,,,,,,,
207,1,DDP,COLL_ORG,ORG_DCOLL,,,2050,,,,,1.0,,,,,,,,,,,,,,,,,
207,1,DDP,COLL_ORG,ORG_DCOLL,,,2051,,,,,1.0,,,,,,,,,,,,,,,,,
207,1,DDP,COLL_ORG,ORG_DCOLL,,,2052,,,,,1.0,,,,,,,,,,,,,,,,,
207,1,DDP,COLL_ORG,ORG_DCOLL,,,2053,,,,,1.0,,,,,,,,,,,,,,,,,
207,1,DDP,COLL_ORG,ORG_DCOLL,,,2054,,,,,1.0,,,,,,,,,,,,,,,,,
207,1,DDP,COLL_ORG,ORG_DCOLL,,,2055,,,,,1.0,,,,,,,,,,,,,,,,,
207,1,DDP,COLL_ORG,ORG_DCOLL,,,2056,,,,,1.0,,,,,,,,,,,,,,,,,
207,1,DDP,COLL_ORG,ORG_DCOLL,,,2057,,,,,1.0,,,,,,,,,,,,,,,,,
207,1,DDP,COLL_ORG,ORG_DCOLL,,,2058,,,,,1.0,,,,,,,,,,,,,,,,,
207,1,DDP,COLL_ORG,ORG_DCOLL,,,2059,,,,,1.0,,,,,,,,,,,,,,,,,
207,1,DDP,COLL_ORG,ORG_DCOLL,,,2060,,,,,1.0,,,,,,,,,,,,,,,,,
207,1,DDP,COLL_ORG,ORG_DCOLL,,,2061,,,,,1.0,,,,,,,,,,,,,,,,,
207,1,DDP,COLL_ORG,ORG_DCOLL,,,2062,,,,,1.0,,,,,,,,,,,,,,,,,
207,1,DDP,COLL_ORG,ORG_DCOLL,,,2063,,,,,1.0,,,,,,,,,,,,,,,,,
207,1,DDP,COLL_ORG,ORG_DCOLL,,,2064,,,,,1.0,,,,,,,,,,,,,,,,,
207,1,DDP,COLL_ORG,ORG_DCOLL,,,2065,,,,,1.0,,,,,,,,,,,,,,,,,
207,1,DDP,COLL_ORG,ORG_DCOLL,,,2066,,,,,1.0,,,,,,,,,,,,,,,,,
207,1,DDP,COLL_ORG,ORG_DCOLL,,,2067,,,,,1.0,,,,,,,,,,,,,,,,,
207,1,DDP,COLL_ORG,ORG_DCOLL,,,2068,,,,,1.0,,,,,,,,,,,,,,,,,
207,1,DDP,COLL_ORG,ORG_DCOLL,,,2069,,,,,1.0,,,,,,,,,,,,,,,,,
207,1,DDP,COLL_ORG,ORG_DCOLL,,,2070,,,,,1.0,,,,,,,,,,,,,,,,,
207,1,DDP,COLL_BLEND,BLEND_NO_DCOLL,,,2018,,,,,1.0,,,,,,,,,,,,,,,,,
207,1,DDP,COLL_BLEND,BLEND_NO_DCOLL,,,2019,,,,,1.0,,,,,,,,,,,,,,,,,
207,1,DDP,COLL_BLEND,BLEND_NO_DCOLL,,,2020,,,,,1.0,,,,,,,,,,,,,,,,,
207,1,DDP,COLL_BLEND,BLEND_NO_DCOLL,,,2021,,,,,1.0,,,,,,,,,,,,,,,,,
207,1,DDP,COLL_BLEND,BLEND_NO_DCOLL,,,2022,,,,,1.0,,,,,,,,,,,,,,,,,
207,1,DDP,COLL_BLEND,BLEND_NO_DCOLL,,,2023,,,,,1.0,,,,,,,,,,,,,,,,,
207,1,DDP,COLL_BLEND,BLEND_NO_DCOLL,,,2024,,,,,1.0,,,,,,,,,,,,,,,,,
207,1,DDP,COLL_BLEND,BLEND_NO_DCOLL,,,2025,,,,,1.0,,,,,,,,,,,,,,,,,
207,1,DDP,COLL_BLEND,BLEND_NO_DCOLL,,,2026,,,,,1.0,,,,,,,,,,,,,,,,,
207,1,DDP,COLL_BLEND,BLEND_NO_DCOLL,,,2027,,,,,1.0,,,,,,,,,,,,,,,,,
207,1,DDP,COLL_BLEND,BLEND_NO_DCOLL,,,2028,,,,,1.0,,,,,,,,,,,,,,,,,
207,1,DDP,COLL_BLEND,BLEND_NO_DCOLL,,,2029,,,,,1.0,,,,,,,,,,,,,,,,,
207,1,DDP,COLL_BLEND,BLEND_NO_DCOLL,,,2030,,,,,1.0,,,,,,,,,,,,,,,,,
207,1,DDP,COLL_BLEND,BLEND_NO_DCOLL,,,2031,,,,,1.0,,,,,,,,,,,,,,,,,
207,1,DDP,COLL_BLEND,BLEND_NO_DCOLL,,,2032,,,,,1.0,,,,,,,,,,,,,,,,,
207,1,DDP,COLL_BLEND,BLEND_NO_DCOLL,,,2033,,,,,1.0,,,,,,,,,,,,,,,,,
207,1,DDP,COLL_BLEND,BLEND_NO_DCOLL,,,2034,,,,,1.0,,,,,,,,,,,,,,,,,
207,1,DDP,COLL_BLEND,BLEND_NO_DCOLL,,,2035,,,,,1.0,,,,,,,,,,,,,,,,,
207,1,DDP,COLL_BLEND,BLEND_NO_DCOLL,,,2036,,,,,1.0,,,,,,,,,,,,,,,,,
207,1,DDP,COLL_BLEND,BLEND_NO_DCOLL,,,2037,,,,,1.0,,,,,,,,,,,,,,,,,
207,1,DDP,COLL_BLEND,BLEND_NO_DCOLL,,,2038,,,,,1.0,,,,,,,,,,,,,,,,,
207,1,DDP,COLL_BLEND,BLEND_NO_DCOLL,,,2039,,,,,1.0,,,,,,,,,,,,,,,,,
207,1,DDP,COLL_BLEND,BLEND_NO_DCOLL,,,2040,,,,,1.0,,,,,,,,,,,,,,,,,
207,1,DDP,COLL_BLEND,BLEND_NO_DCOLL,,,2041,,,,,1.0,,,,,,,,,,,,,,,,,
207,1,DDP,COLL_BLEND,BLEND_NO_DCOLL,,,2042,,,,,1.0,,,,,,,,,,,,,,,,,
207,1,DDP,COLL_BLEND,BLEND_NO_DCOLL,,,2043,,,,,1.0,,,,,,,,,,,,,,,,,
207,1,DDP,COLL_BLEND,BLEND_NO_DCOLL,,,2044,,,,,1.0,,,,,,,,,,,,,,,,,
207,1,DDP,COLL_BLEND,BLEND_NO_DCOLL,,,2045,,,,,1.0,,,,,,,,,,,,,,,,,
207,1,DDP,COLL_BLEND,BLEND_NO_DCOLL,,,2046,,,,,1.0,,,,,,,,,,,,,,,,,
207,1,DDP,COLL_BLEND,BLEND_NO_DCOLL,,,2047,,,,,1.0,,,,,,,,,,,,,,,,,
207,1,DDP,COLL_BLEND,BLEND_NO_DCOLL,,,2048,,,,,1.0,,,,,,,,,,,,,,,,,
207,1,DDP,COLL_BLEND,BLEND_NO_DCOLL,,,2049,,,,,1.0,,,,,,,,,,,,,,,,,
207,1,DDP,COLL_BLEND,BLEND_NO_DCOLL,,,2050,,,,,1.0,,,,,,,,,,,,,,,,,
207,1,DDP,COLL_BLEND,BLEND_NO_DCOLL,,,2051,,,,,1.0,,,,,,,,,,,,,,,,,
207,1,DDP,COLL_BLEND,BLEND_NO_DCOLL,,,2052,,,,,1.0,,,,,,,,,,,,,,,,,
207,1,DDP,COLL_BLEND,BLEND_NO_DCOLL,,,2053,,,,,1.0,,,,,,,,,,,,,,,,,
207,1,DDP,COLL_BLEND,BLEND_NO_DCOLL,,,2054,,,,,1.0,,,,,,,,,,,,,,,,,
207,1,DDP,COLL_BLEND,BLEND_NO_DCOLL,,,2055,,,,,1.0,,,,,,,,,,,,,,,,,
207,1,DDP,COLL_BLEND,BLEND_NO_DCOLL,,,2056,,,,,1.0,,,,,,,,,,,,,,,,,
207,1,DDP,COLL_BLEND,BLEND_NO_DCOLL,,,2057,,,,,1.0,,,,,,,,,,,,,,,,,
207,1,DDP,COLL_BLEND,BLEND_NO_DCOLL,,,2058,,,,,1.0,,,,,,,,,,,,,,,,,
207,1,DDP,COLL_BLEND,BLEND_NO_DCOLL,,,2059,,,,,1.0,,,,,,,,,,,,,,,,,
207,1,DDP,COLL_BLEND,BLEND_NO_DCOLL,,,2060,,,,,1.0,,,,,,,,,,,,,,,,,
207,1,DDP,COLL_BLEND,BLEND_NO_DCOLL,,,2061,,,,,1.0,,,,,,,,,,,,,,,,,
207,1,DDP,COLL_BLEND,BLEND_NO_DCOLL,,,2062,,,,,1.0,,,,,,,,,,,,,,,,,
207,1,DDP,COLL_BLEND,BLEND_NO_DCOLL,,,2063,,,,,1.0,,,,,,,,,,,,,,,,,
207,1,DDP,COLL_BLEND,BLEND_NO_DCOLL,,,2064,,,,,1.0,,,,,,,,,,,,,,,,,
207,1,DDP,COLL_BLEND,BLEND_NO_DCOLL,,,2065,,,,,1.0,,,,,,,,,,,,,,,,,
207,1,DDP,COLL_BLEND,BLEND_NO_DCOLL,,,2066,,,,,1.0,,,,,,,,,,,,,,,,,
207,1,DDP,COLL_BLEND,BLEND_NO_DCOLL,,,2067,,,,,1.0,,,,,,,,,,,,,,,,,
207,1,DDP,COLL_BLEND,BLEND_NO_DCOLL,,,2068,,,,,1.0,,,,,,,,,,,,,,,,,
207,1,DDP,COLL_BLEND,BLEND_NO_DCOLL,,,2069,,,,,1.0,,,,,,,,,,,,,,,,,
207,1,DDP,COLL_BLEND,BLEND_NO_DCOLL,,,2070,,,,,1.0,,,,,,,,,,,,,,,,,
207,1,DDP,INORGSS,INORG_SS,,,2018,,,,,1.0,,,,,,,,,,,,,,,,,
207,1,DDP,INORGSS,INORG_SS,,,2019,,,,,1.0,,,,,,,,,,,,,,,,,
207,1,DDP,INORGSS,INORG_SS,,,2020,,,,,1.0,,,,,,,,,,,,,,,,,
207,1,DDP,INORGSS,INORG_SS,,,2021,,,,,1.0,,,,,,,,,,,,,,,,,
207,1,DDP,INORGSS,INORG_SS,,,2022,,,,,1.0,,,,,,,,,,,,,,,,,
207,1,DDP,INORGSS,INORG_SS,,,2023,,,,,1.0,,,,,,,,,,,,,,,,,
207,1,DDP,INORGSS,INORG_SS,,,2024,,,,,1.0,,,,,,,,,,,,,,,,,
207,1,DDP,INORGSS,INORG_SS,,,2025,,,,,1.0,,,,,,,,,,,,,,,,,
207,1,DDP,INORGSS,INORG_SS,,,2026,,,,,1.0,,,,,,,,,,,,,,,,,
207,1,DDP,INORGSS,INORG_SS,,,2027,,,,,1.0,,,,,,,,,,,,,,,,,
207,1,DDP,INORGSS,INORG_SS,,,2028,,,,,1.0,,,,,,,,,,,,,,,,,
207,1,DDP,INORGSS,INORG_SS,,,2029,,,,,1.0,,,,,,,,,,,,,,,,,
207,1,DDP,INORGSS,INORG_SS,,,2030,,,,,1.0,,,,,,,,,,,,,,,,,
207,1,DDP,INORGSS,INORG_SS,,,2031,,,,,1.0,,,,,,,,,,,,,,,,,
207,1,DDP,INORGSS,INORG_SS,,,2032,,,,,1.0,,,,,,,,,,,,,,,,,
207,1,DDP,INORGSS,INORG_SS,,,2033,,,,,1.0,,,,,,,,,,,,,,,,,
207,1,DDP,INORGSS,INORG_SS,,,2034,,,,,1.0,,,,,,,,,,,,,,,,,
207,1,DDP,INORGSS,INORG_SS,,,2035,,,,,1.0,,,,,,,,,,,,,,,,,
207,1,DDP,INORGSS,INORG_SS,,,2036,,,,,1.0,,,,,,,,,,,,,,,,,
207,1,DDP,INORGSS,INORG_SS,,,2037,,,,,1.0,,,,,,,,,,,,,,,,,
207,1,DDP,INORGSS,INORG_SS,,,2038,,,,,1.0,,,,,,,,,,,,,,,,,
207,1,DDP,INORGSS,INORG_SS,,,2039,,,,,1.0,,,,,,,,,,,,,,,,,
207,1,DDP,INORGSS,INORG_SS,,,2040,,,,,1.0,,,,,,,,,,,,,,,,,
207,1,DDP,INORGSS,INORG_SS,,,2041,,,,,1.0,,,,,,,,,,,,,,,,,
207,1,DDP,INORGSS,INORG_SS,,,2042,,,,,1.0,,,,,,,,,,,,,,,,,
207,1,DDP,INORGSS,INORG_SS,,,2043,,,,,1.0,,,,,,,,,,,,,,,,,
207,1,DDP,INORGSS,INORG_SS,,,2044,,,,,1.0,,,,,,,,,,,,,,,,,
207,1,DDP,INORGSS,INORG_SS,,,2045,,,,,1.0,,,,,,,,,,,,,,,,,
207,1,DDP,INORGSS,INORG_SS,,,2046,,,,,1.0,,,,,,,,,,,,,,,,,
207,1,DDP,INORGSS,INORG_SS,,,2047,,,,,1.0,,,,,,,,,,,,,,,,,
207,1,DDP,INORGSS,INORG_SS,,,2048,,,,,1.0,,,,,,,,,,,,,,,,,
207,1,DDP,INORGSS,INORG_SS,,,2049,,,,,1.0,,,,,,,,,,,,,,,,,
207,1,DDP,INORGSS,INORG_SS,,,2050,,,,,1.0,,,,,,,,,,,,,,,,,
207,1,DDP,INORGSS,INORG_SS,,,2051,,,,,1.0,,,,,,,,,,,,,,,,,
207,1,DDP,INORGSS,INORG_SS,,,2052,,,,,1.0,,,,,,,,,,,,,,,,,
207,1,DDP,INORGSS,INORG_SS,,,2053,,,,,1.0,,,,,,,,,,,,,,,,,
207,1,DDP,INORGSS,INORG_SS,,,2054,,,,,1.0,,,,,,,,,,,,,,,,,
207,1,DDP,INORGSS,INORG_SS,,,2055,,,,,1.0,,,,,,,,,,,,,,,,,
207,1,DDP,INORGSS,INORG_SS,,,2056,,,,,1.0,,,,,,,,,,,,,,,,,
207,1,DDP,INORGSS,INORG_SS,,,2057,,,,,1.0,,,,,,,,,,,,,,,,,
207,1,DDP,INORGSS,INORG_SS,,,2058,,,,,1.0,,,,,,,,,,,,,,,,,
207,1,DDP,INORGSS,INORG_SS,,,2059,,,,,1.0,,,,,,,,,,,,,,,,,
207,1,DDP,INORGSS,INORG_SS,,,2060,,,,,1.0,,,,,,,,,,,,,,,,,
207,1,DDP,INORGSS,INORG_SS,,,2061,,,,,1.0,,,,,,,,,,,,,,,,,
207,1,DDP,INORGSS,INORG_SS,,,2062,,,,,1.0,,,,,,,,,,,,,,,,,
207,1,DDP,INORGSS,INORG_SS,,,2063,,,,,1.0,,,,,,,,,,,,,,,,,
207,1,DDP,INORGSS,INORG_SS,,,2064,,,,,1.0,,,,,,,,,,,,,,,,,
207,1,DDP,INORGSS,INORG_SS,,,2065,,,,,1.0,,,,,,,,,,,,,,,,,
207,1,DDP,INORGSS,INORG_SS,,,2066,,,,,1.0,,,,,,,,,,,,,,,,,
207,1,DDP,INORGSS,INORG_SS,,,2067,,,,,1.0,,,,,,,,,,,,,,,,,
207,1,DDP,INORGSS,INORG_SS,,,2068,,,,,1.0,,,,,,,,,,,,,,,,,
207,1,DDP,INORGSS,INORG_SS,,,2069,,,,,1.0,,,,,,,,,,,,,,,,,
207,1,DDP,INORGSS,INORG_SS,,,2070,,,,,1.0,,,,,,,,,,,,,,,,,
207,1,DDP,ORGSS,ORG_SS,,,2018,,,,,1.0,,,,,,,,,,,,,,,,,
207,1,DDP,ORGSS,ORG_SS,,,2019,,,,,1.0,,,,,,,,,,,,,,,,,
207,1,DDP,ORGSS,ORG_SS,,,2020,,,,,1.0,,,,,,,,,,,,,,,,,
207,1,DDP,ORGSS,ORG_SS,,,2021,,,,,1.0,,,,,,,,,,,,,,,,,
207,1,DDP,ORGSS,ORG_SS,,,2022,,,,,1.0,,,,,,,,,,,,,,,,,
207,1,DDP,ORGSS,ORG_SS,,,2023,,,,,1.0,,,,,,,,,,,,,,,,,
207,1,DDP,ORGSS,ORG_SS,,,2024,,,,,1.0,,,,,,,,,,,,,,,,,
207,1,DDP,ORGSS,ORG_SS,,,2025,,,,,1.0,,,,,,,,,,,,,,,,,
207,1,DDP,ORGSS,ORG_SS,,,2026,,,,,1.0,,,,,,,,,,,,,,,,,
207,1,DDP,ORGSS,ORG_SS,,,2027,,,,,1.0,,,,,,,,,,,,,,,,,
207,1,DDP,ORGSS,ORG_SS,,,2028,,,,,1.0,,,,,,,,,,,,,,,,,
207,1,DDP,ORGSS,ORG_SS,,,2029,,,,,1.0,,,,,,,,,,,,,,,,,
207,1,DDP,ORGSS,ORG_SS,,,2030,,,,,1.0,,,,,,,,,,,,,,,,,
207,1,DDP,ORGSS,ORG_SS,,,2031,,,,,1.0,,,,,,,,,,,,,,,,,
207,1,DDP,ORGSS,ORG_SS,,,2032,,,,,1.0,,,,,,,,,,,,,,,,,
207,1,DDP,ORGSS,ORG_SS,,,2033,,,,,1.0,,,,,,,,,,,,,,,,,
207,1,DDP,ORGSS,ORG_SS,,,2034,,,,,1.0,,,,,,,,,,,,,,,,,
207,1,DDP,ORGSS,ORG_SS,,,2035,,,,,1.0,,,,,,,,,,,,,,,,,
207,1,DDP,ORGSS,ORG_SS,,,2036,,,,,1.0,,,,,,,,,,,,,,,,,
207,1,DDP,ORGSS,ORG_SS,,,2037,,,,,1.0,,,,,,,,,,,,,,,,,
207,1,DDP,ORGSS,ORG_SS,,,2038,,,,,1.0,,,,,,,,,,,,,,,,,
207,1,DDP,ORGSS,ORG_SS,,,2039,,,,,1.0,,,,,,,,,,,,,,,,,
207,1,DDP,ORGSS,ORG_SS,,,2040,,,,,1.0,,,,,,,,,,,,,,,,,
207,1,DDP,ORGSS,ORG_SS,,,2041,,,,,1.0,,,,,,,,,,,,,,,,,
207,1,DDP,ORGSS,ORG_SS,,,2042,,,,,1.0,,,,,,,,,,,,,,,,,
207,1,DDP,ORGSS,ORG_SS,,,2043,,,,,1.0,,,,,,,,,,,,,,,,,
207,1,DDP,ORGSS,ORG_SS,,,2044,,,,,1.0,,,,,,,,,,,,,,,,,
207,1,DDP,ORGSS,ORG_SS,,,2045,,,,,1.0,,,,,,,,,,,,,,,,,
207,1,DDP,ORGSS,ORG_SS,,,2046,,,,,1.0,,,,,,,,,,,,,,,,,
207,1,DDP,ORGSS,ORG_SS,,,2047,,,,,1.0,,,,,,,,,,,,,,,,,
207,1,DDP,ORGSS,ORG_SS,,,2048,,,,,1.0,,,,,,,,,,,,,,,,,
207,1,DDP,ORGSS,ORG_SS,,,2049,,,,,1.0,,,,,,,,,,,,,,,,,
207,1,DDP,ORGSS,ORG_SS,,,2050,,,,,1.0,,,,,,,,,,,,,,,,,
207,1,DDP,ORGSS,ORG_SS,,,2051,,,,,1.0,,,,,,,,,,,,,,,,,
207,1,DDP,ORGSS,ORG_SS,,,2052,,,,,1.0,,,,,,,,,,,,,,,,,
207,1,DDP,ORGSS,ORG_SS,,,2053,,,,,1.0,,,,,,,,,,,,,,,,,
207,1,DDP,ORGSS,ORG_SS,,,2054,,,,,1.0,,,,,,,,,,,,,,,,,
207,1,DDP,ORGSS,ORG_SS,,,2055,,,,,1.0,,,,,,,,,,,,,,,,,
207,1,DDP,ORGSS,ORG_SS,,,2056,,,,,1.0,,,,,,,,,,,,,,,,,
207,1,DDP,ORGSS,ORG_SS,,,2057,,,,,1.0,,,,,,,,,,,,,,,,,
207,1,DDP,ORGSS,ORG_SS,,,2058,,,,,1.0,,,,,,,,,,,,,,,,,
207,1,DDP,ORGSS,ORG_SS,,,2059,,,,,1.0,,,,,,,,,,,,,,,,,
207,1,DDP,ORGSS,ORG_SS,,,2060,,,,,1.0,,,,,,,,,,,,,,,,,
207,1,DDP,ORGSS,ORG_SS,,,2061,,,,,1.0,,,,,,,,,,,,,,,,,
207,1,DDP,ORGSS,ORG_SS,,,2062,,,,,1.0,,,,,,,,,,,,,,,,,
207,1,DDP,ORGSS,ORG_SS,,,2063,,,,,1.0,,,,,,,,,,,,,,,,,
207,1,DDP,ORGSS,ORG_SS,,,2064,,,,,1.0,,,,,,,,,,,,,,,,,
207,1,DDP,ORGSS,ORG_SS,,,2065,,,,,1.0,,,,,,,,,,,,,,,,,
207,1,DDP,ORGSS,ORG_SS,,,2066,,,,,1.0,,,,,,,,,,,,,,,,,
207,1,DDP,ORGSS,ORG_SS,,,2067,,,,,1.0,,,,,,,,,,,,,,,,,
207,1,DDP,ORGSS,ORG_SS,,,2068,,,,,1.0,,,,,,,,,,,,,,,,,
207,1,DDP,ORGSS,ORG_SS,,,2069,,,,,1.0,,,,,,,,,,,,,,,,,
207,1,DDP,ORGSS,ORG_SS,,,2070,,,,,1.0,,,,,,,,,,,,,,,,,
207,1,DDP,NOSS,NO_SS,,,2018,,,,,1.0,,,,,,,,,,,,,,,,,
207,1,DDP,NOSS,NO_SS,,,2019,,,,,1.0,,,,,,,,,,,,,,,,,
207,1,DDP,NOSS,NO_SS,,,2020,,,,,1.0,,,,,,,,,,,,,,,,,
207,1,DDP,NOSS,NO_SS,,,2021,,,,,1.0,,,,,,,,,,,,,,,,,
207,1,DDP,NOSS,NO_SS,,,2022,,,,,1.0,,,,,,,,,,,,,,,,,
207,1,DDP,NOSS,NO_SS,,,2023,,,,,1.0,,,,,,,,,,,,,,,,,
207,1,DDP,NOSS,NO_SS,,,2024,,,,,1.0,,,,,,,,,,,,,,,,,
207,1,DDP,NOSS,NO_SS,,,2025,,,,,1.0,,,,,,,,,,,,,,,,,
207,1,DDP,NOSS,NO_SS,,,2026,,,,,1.0,,,,,,,,,,,,,,,,,
207,1,DDP,NOSS,NO_SS,,,2027,,,,,1.0,,,,,,,,,,,,,,,,,
207,1,DDP,NOSS,NO_SS,,,2028,,,,,1.0,,,,,,,,,,,,,,,,,
207,1,DDP,NOSS,NO_SS,,,2029,,,,,1.0,,,,,,,,,,,,,,,,,
207,1,DDP,NOSS,NO_SS,,,2030,,,,,1.0,,,,,,,,,,,,,,,,,
207,1,DDP,NOSS,NO_SS,,,2031,,,,,1.0,,,,,,,,,,,,,,,,,
207,1,DDP,NOSS,NO_SS,,,2032,,,,,1.0,,,,,,,,,,,,,,,,,
207,1,DDP,NOSS,NO_SS,,,2033,,,,,1.0,,,,,,,,,,,,,,,,,
207,1,DDP,NOSS,NO_SS,,,2034,,,,,1.0,,,,,,,,,,,,,,,,,
207,1,DDP,NOSS,NO_SS,,,2035,,,,,1.0,,,,,,,,,,,,,,,,,
207,1,DDP,NOSS,NO_SS,,,2036,,,,,1.0,,,,,,,,,,,,,,,,,
207,1,DDP,NOSS,NO_SS,,,2037,,,,,1.0,,,,,,,,,,,,,,,,,
207,1,DDP,NOSS,NO_SS,,,2038,,,,,1.0,,,,,,,,,,,,,,,,,
207,1,DDP,NOSS,NO_SS,,,2039,,,,,1.0,,,,,,,,,,,,,,,,,
207,1,DDP,NOSS,NO_SS,,,2040,,,,,1.0,,,,,,,,,,,,,,,,,
207,1,DDP,NOSS,NO_SS,,,2041,,,,,1.0,,,,,,,,,,,,,,,,,
207,1,DDP,NOSS,NO_SS,,,2042,,,,,1.0,,,,,,,,,,,,,,,,,
207,1,DDP,NOSS,NO_SS,,,2043,,,,,1.0,,,,,,,,,,,,,,,,,
207,1,DDP,NOSS,NO_SS,,,2044,,,,,1.0,,,,,,,,,,,,,,,,,
207,1,DDP,NOSS,NO_SS,,,2045,,,,,1.0,,,,,,,,,,,,,,,,,
207,1,DDP,NOSS,NO_SS,,,2046,,,,,1.0,,,,,,,,,,,,,,,,,
207,1,DDP,NOSS,NO_SS,,,2047,,,,,1.0,,,,,,,,,,,,,,,,,
207,1,DDP,NOSS,NO_SS,,,2048,,,,,1.0,,,,,,,,,,,,,,,,,
207,1,DDP,NOSS,NO_SS,,,2049,,,,,1.0,,,,,,,,,,,,,,,,,
207,1,DDP,NOSS,NO_SS,,,2050,,,,,1.0,,,,,,,,,,,,,,,,,
207,1,DDP,NOSS,NO_SS,,,2051,,,,,1.0,,,,,,,,,,,,,,,,,
207,1,DDP,NOSS,NO_SS,,,2052,,,,,1.0,,,,,,,,,,,,,,,,,
207,1,DDP,NOSS,NO_SS,,,2053,,,,,1.0,,,,,,,,,,,,,,,,,
207,1,DDP,NOSS,NO_SS,,,2054,,,,,1.0,,,,,,,,,,,,,,,,,
207,1,DDP,NOSS,NO_SS,,,2055,,,,,1.0,,,,,,,,,,,,,,,,,
207,1,DDP,NOSS,NO_SS,,,2056,,,,,1.0,,,,,,,,,,,,,,,,,
207,1,DDP,NOSS,NO_SS,,,2057,,,,,1.0,,,,,,,,,,,,,,,,,
207,1,DDP,NOSS,NO_SS,,,2058,,,,,1.0,,,,,,,,,,,,,,,,,
207,1,DDP,NOSS,NO_SS,,,2059,,,,,1.0,,,,,,,,,,,,,,,,,
207,1,DDP,NOSS,NO_SS,,,2060,,,,,1.0,,,,,,,,,,,,,,,,,
207,1,DDP,NOSS,NO_SS,,,2061,,,,,1.0,,,,,,,,,,,,,,,,,
207,1,DDP,NOSS,NO_SS,,,2062,,,,,1.0,,,,,,,,,,,,,,,,,
207,1,DDP,NOSS,NO_SS,,,2063,,,,,1.0,,,,,,,,,,,,,,,,,
207,1,DDP,NOSS,NO_SS,,,2064,,,,,1.0,,,,,,,,,,,,,,,,,
207,1,DDP,NOSS,NO_SS,,,2065,,,,,1.0,,,,,,,,,,,,,,,,,
207,1,DDP,NOSS,NO_SS,,,2066,,,,,1.0,,,,,,,,,,,,,,,,,
207,1,DDP,NOSS,NO_SS,,,2067,,,,,1.0,,,,,,,,,,,,,,,,,
207,1,DDP,NOSS,NO_SS,,,2068,,,,,1.0,,,,,,,,,,,,,,,,,
207,1,DDP,NOSS,NO_SS,,,2069,,,,,1.0,,,,,,,,,,,,,,,,,
207,1,DDP,NOSS,NO_SS,,,2070,,,,,1.0,,,,,,,,,,,,,,,,,
207,1,DDP,WWWOT,SEWERWWWOT,,,2018,,,,,1.0,,,,,,,,,,,,,,,,,
207,1,DDP,WWWOT,SEWERWWWOT,,,2019,,,,,1.0,,,,,,,,,,,,,,,,,
207,1,DDP,WWWOT,SEWERWWWOT,,,2020,,,,,1.0,,,,,,,,,,,,,,,,,
207,1,DDP,WWWOT,SEWERWWWOT,,,2021,,,,,1.0,,,,,,,,,,,,,,,,,
207,1,DDP,WWWOT,SEWERWWWOT,,,2022,,,,,1.0,,,,,,,,,,,,,,,,,
207,1,DDP,WWWOT,SEWERWWWOT,,,2023,,,,,1.0,,,,,,,,,,,,,,,,,
207,1,DDP,WWWOT,SEWERWWWOT,,,2024,,,,,1.0,,,,,,,,,,,,,,,,,
207,1,DDP,WWWOT,SEWERWWWOT,,,2025,,,,,1.0,,,,,,,,,,,,,,,,,
207,1,DDP,WWWOT,SEWERWWWOT,,,2026,,,,,1.0,,,,,,,,,,,,,,,,,
207,1,DDP,WWWOT,SEWERWWWOT,,,2027,,,,,1.0,,,,,,,,,,,,,,,,,
207,1,DDP,WWWOT,SEWERWWWOT,,,2028,,,,,1.0,,,,,,,,,,,,,,,,,
207,1,DDP,WWWOT,SEWERWWWOT,,,2029,,,,,1.0,,,,,,,,,,,,,,,,,
207,1,DDP,WWWOT,SEWERWWWOT,,,2030,,,,,1.0,,,,,,,,,,,,,,,,,
207,1,DDP,WWWOT,SEWERWWWOT,,,2031,,,,,1.0,,,,,,,,,,,,,,,,,
207,1,DDP,WWWOT,SEWERWWWOT,,,2032,,,,,1.0,,,,,,,,,,,,,,,,,
207,1,DDP,WWWOT,SEWERWWWOT,,,2033,,,,,1.0,,,,,,,,,,,,,,,,,
207,1,DDP,WWWOT,SEWERWWWOT,,,2034,,,,,1.0,,,,,,,,,,,,,,,,,
207,1,DDP,WWWOT,SEWERWWWOT,,,2035,,,,,1.0,,,,,,,,,,,,,,,,,
207,1,DDP,WWWOT,SEWERWWWOT,,,2036,,,,,1.0,,,,,,,,,,,,,,,,,
207,1,DDP,WWWOT,SEWERWWWOT,,,2037,,,,,1.0,,,,,,,,,,,,,,,,,
207,1,DDP,WWWOT,SEWERWWWOT,,,2038,,,,,1.0,,,,,,,,,,,,,,,,,
207,1,DDP,WWWOT,SEWERWWWOT,,,2039,,,,,1.0,,,,,,,,,,,,,,,,,
207,1,DDP,WWWOT,SEWERWWWOT,,,2040,,,,,1.0,,,,,,,,,,,,,,,,,
207,1,DDP,WWWOT,SEWERWWWOT,,,2041,,,,,1.0,,,,,,,,,,,,,,,,,
207,1,DDP,WWWOT,SEWERWWWOT,,,2042,,,,,1.0,,,,,,,,,,,,,,,,,
207,1,DDP,WWWOT,SEWERWWWOT,,,2043,,,,,1.0,,,,,,,,,,,,,,,,,
207,1,DDP,WWWOT,SEWERWWWOT,,,2044,,,,,1.0,,,,,,,,,,,,,,,,,
207,1,DDP,WWWOT,SEWERWWWOT,,,2045,,,,,1.0,,,,,,,,,,,,,,,,,
207,1,DDP,WWWOT,SEWERWWWOT,,,2046,,,,,1.0,,,,,,,,,,,,,,,,,
207,1,DDP,WWWOT,SEWERWWWOT,,,2047,,,,,1.0,,,,,,,,,,,,,,,,,
207,1,DDP,WWWOT,SEWERWWWOT,,,2048,,,,,1.0,,,,,,,,,,,,,,,,,
207,1,DDP,WWWOT,SEWERWWWOT,,,2049,,,,,1.0,,,,,,,,,,,,,,,,,
207,1,DDP,WWWOT,SEWERWWWOT,,,2050,,,,,1.0,,,,,,,,,,,,,,,,,
207,1,DDP,WWWOT,SEWERWWWOT,,,2051,,,,,1.0,,,,,,,,,,,,,,,,,
207,1,DDP,WWWOT,SEWERWWWOT,,,2052,,,,,1.0,,,,,,,,,,,,,,,,,
207,1,DDP,WWWOT,SEWERWWWOT,,,2053,,,,,1.0,,,,,,,,,,,,,,,,,
207,1,DDP,WWWOT,SEWERWWWOT,,,2054,,,,,1.0,,,,,,,,,,,,,,,,,
207,1,DDP,WWWOT,SEWERWWWOT,,,2055,,,,,1.0,,,,,,,,,,,,,,,,,
207,1,DDP,WWWOT,SEWERWWWOT,,,2056,,,,,1.0,,,,,,,,,,,,,,,,,
207,1,DDP,WWWOT,SEWERWWWOT,,,2057,,,,,1.0,,,,,,,,,,,,,,,,,
207,1,DDP,WWWOT,SEWERWWWOT,,,2058,,,,,1.0,,,,,,,,,,,,,,,,,
207,1,DDP,WWWOT,SEWERWWWOT,,,2059,,,,,1.0,,,,,,,,,,,,,,,,,
207,1,DDP,WWWOT,SEWERWWWOT,,,2060,,,,,1.0,,,,,,,,,,,,,,,,,
207,1,DDP,WWWOT,SEWERWWWOT,,,2061,,,,,1.0,,,,,,,,,,,,,,,,,
207,1,DDP,WWWOT,SEWERWWWOT,,,2062,,,,,1.0,,,,,,,,,,,,,,,,,
207,1,DDP,WWWOT,SEWERWWWOT,,,2063,,,,,1.0,,,,,,,,,,,,,,,,,
207,1,DDP,WWWOT,SEWERWWWOT,,,2064,,,,,1.0,,,,,,,,,,,,,,,,,
207,1,DDP,WWWOT,SEWERWWWOT,,,2065,,,,,1.0,,,,,,,,,,,,,,,,,
207,1,DDP,WWWOT,SEWERWWWOT,,,2066,,,,,1.0,,,,,,,,,,,,,,,,,
207,1,DDP,WWWOT,SEWERWWWOT,,,2067,,,,,1.0,,,,,,,,,,,,,,,,,
207,1,DDP,WWWOT,SEWERWWWOT,,,2068,,,,,1.0,,,,,,,,,,,,,,,,,
207,1,DDP,WWWOT,SEWERWWWOT,,,2069,,,,,1.0,,,,,,,,,,,,,,,,,
207,1,DDP,WWWOT,SEWERWWWOT,,,2070,,,,,1.0,,,,,,,,,,,,,,,,,
207,1,DDP,WWWT,SEWERWWWT,,,2018,,,,,1.0,,,,,,,,,,,,,,,,,
207,1,DDP,WWWT,SEWERWWWT,,,2019,,,,,1.0,,,,,,,,,,,,,,,,,
207,1,DDP,WWWT,SEWERWWWT,,,2020,,,,,1.0,,,,,,,,,,,,,,,,,
207,1,DDP,WWWT,SEWERWWWT,,,2021,,,,,1.0,,,,,,,,,,,,,,,,,
207,1,DDP,WWWT,SEWERWWWT,,,2022,,,,,1.0,,,,,,,,,,,,,,,,,
207,1,DDP,WWWT,SEWERWWWT,,,2023,,,,,1.0,,,,,,,,,,,,,,,,,
207,1,DDP,WWWT,SEWERWWWT,,,2024,,,,,1.0,,,,,,,,,,,,,,,,,
207,1,DDP,WWWT,SEWERWWWT,,,2025,,,,,1.0,,,,,,,,,,,,,,,,,
207,1,DDP,WWWT,SEWERWWWT,,,2026,,,,,1.0,,,,,,,,,,,,,,,,,
207,1,DDP,WWWT,SEWERWWWT,,,2027,,,,,1.0,,,,,,,,,,,,,,,,,
207,1,DDP,WWWT,SEWERWWWT,,,2028,,,,,1.0,,,,,,,,,,,,,,,,,
207,1,DDP,WWWT,SEWERWWWT,,,2029,,,,,1.0,,,,,,,,,,,,,,,,,
207,1,DDP,WWWT,SEWERWWWT,,,2030,,,,,1.0,,,,,,,,,,,,,,,,,
207,1,DDP,WWWT,SEWERWWWT,,,2031,,,,,1.0,,,,,,,,,,,,,,,,,
207,1,DDP,WWWT,SEWERWWWT,,,2032,,,,,1.0,,,,,,,,,,,,,,,,,
207,1,DDP,WWWT,SEWERWWWT,,,2033,,,,,1.0,,,,,,,,,,,,,,,,,
207,1,DDP,WWWT,SEWERWWWT,,,2034,,,,,1.0,,,,,,,,,,,,,,,,,
207,1,DDP,WWWT,SEWERWWWT,,,2035,,,,,1.0,,,,,,,,,,,,,,,,,
207,1,DDP,WWWT,SEWERWWWT,,,2036,,,,,1.0,,,,,,,,,,,,,,,,,
207,1,DDP,WWWT,SEWERWWWT,,,2037,,,,,1.0,,,,,,,,,,,,,,,,,
207,1,DDP,WWWT,SEWERWWWT,,,2038,,,,,1.0,,,,,,,,,,,,,,,,,
207,1,DDP,WWWT,SEWERWWWT,,,2039,,,,,1.0,,,,,,,,,,,,,,,,,
207,1,DDP,WWWT,SEWERWWWT,,,2040,,,,,1.0,,,,,,,,,,,,,,,,,
207,1,DDP,WWWT,SEWERWWWT,,,2041,,,,,1.0,,,,,,,,,,,,,,,,,
207,1,DDP,WWWT,SEWERWWWT,,,2042,,,,,1.0,,,,,,,,,,,,,,,,,
207,1,DDP,WWWT,SEWERWWWT,,,2043,,,,,1.0,,,,,,,,,,,,,,,,,
207,1,DDP,WWWT,SEWERWWWT,,,2044,,,,,1.0,,,,,,,,,,,,,,,,,
207,1,DDP,WWWT,SEWERWWWT,,,2045,,,,,1.0,,,,,,,,,,,,,,,,,
207,1,DDP,WWWT,SEWERWWWT,,,2046,,,,,1.0,,,,,,,,,,,,,,,,,
207,1,DDP,WWWT,SEWERWWWT,,,2047,,,,,1.0,,,,,,,,,,,,,,,,,
207,1,DDP,WWWT,SEWERWWWT,,,2048,,,,,1.0,,,,,,,,,,,,,,,,,
207,1,DDP,WWWT,SEWERWWWT,,,2049,,,,,1.0,,,,,,,,,,,,,,,,,
207,1,DDP,WWWT,SEWERWWWT,,,2050,,,,,1.0,,,,,,,,,,,,,,,,,
207,1,DDP,WWWT,SEWERWWWT,,,2051,,,,,1.0,,,,,,,,,,,,,,,,,
207,1,DDP,WWWT,SEWERWWWT,,,2052,,,,,1.0,,,,,,,,,,,,,,,,,
207,1,DDP,WWWT,SEWERWWWT,,,2053,,,,,1.0,,,,,,,,,,,,,,,,,
207,1,DDP,WWWT,SEWERWWWT,,,2054,,,,,1.0,,,,,,,,,,,,,,,,,
207,1,DDP,WWWT,SEWERWWWT,,,2055,,,,,1.0,,,,,,,,,,,,,,,,,
207,1,DDP,WWWT,SEWERWWWT,,,2056,,,,,1.0,,,,,,,,,,,,,,,,,
207,1,DDP,WWWT,SEWERWWWT,,,2057,,,,,1.0,,,,,,,,,,,,,,,,,
207,1,DDP,WWWT,SEWERWWWT,,,2058,,,,,1.0,,,,,,,,,,,,,,,,,
207,1,DDP,WWWT,SEWERWWWT,,,2059,,,,,1.0,,,,,,,,,,,,,,,,,
207,1,DDP,WWWT,SEWERWWWT,,,2060,,,,,1.0,,,,,,,,,,,,,,,,,
207,1,DDP,WWWT,SEWERWWWT,,,2061,,,,,1.0,,,,,,,,,,,,,,,,,
207,1,DDP,WWWT,SEWERWWWT,,,2062,,,,,1.0,,,,,,,,,,,,,,,,,
207,1,DDP,WWWT,SEWERWWWT,,,2063,,,,,1.0,,,,,,,,,,,,,,,,,
207,1,DDP,WWWT,SEWERWWWT,,,2064,,,,,1.0,,,,,,,,,,,,,,,,,
207,1,DDP,WWWT,SEWERWWWT,,,2065,,,,,1.0,,,,,,,,,,,,,,,,,
207,1,DDP,WWWT,SEWERWWWT,,,2066,,,,,1.0,,,,,,,,,,,,,,,,,
207,1,DDP,WWWT,SEWERWWWT,,,2067,,,,,1.0,,,,,,,,,,,,,,,,,
207,1,DDP,WWWT,SEWERWWWT,,,2068,,,,,1.0,,,,,,,,,,,,,,,,,
207,1,DDP,WWWT,SEWERWWWT,,,2069,,,,,1.0,,,,,,,,,,,,,,,,,
207,1,DDP,WWWT,SEWERWWWT,,,2070,,,,,1.0,,,,,,,,,,,,,,,,,
207,1,DDP,WFIRU,WWWTFIRU,,,2018,,,,,1.0,,,,,,,,,,,,,,,,,
207,1,DDP,WFIRU,WWWTFIRU,,,2019,,,,,1.0,,,,,,,,,,,,,,,,,
207,1,DDP,WFIRU,WWWTFIRU,,,2020,,,,,1.0,,,,,,,,,,,,,,,,,
207,1,DDP,WFIRU,WWWTFIRU,,,2021,,,,,1.0,,,,,,,,,,,,,,,,,
207,1,DDP,WFIRU,WWWTFIRU,,,2022,,,,,1.0,,,,,,,,,,,,,,,,,
207,1,DDP,WFIRU,WWWTFIRU,,,2023,,,,,1.0,,,,,,,,,,,,,,,,,
207,1,DDP,WFIRU,WWWTFIRU,,,2024,,,,,1.0,,,,,,,,,,,,,,,,,
207,1,DDP,WFIRU,WWWTFIRU,,,2025,,,,,1.0,,,,,,,,,,,,,,,,,
207,1,DDP,WFIRU,WWWTFIRU,,,2026,,,,,1.0,,,,,,,,,,,,,,,,,
207,1,DDP,WFIRU,WWWTFIRU,,,2027,,,,,1.0,,,,,,,,,,,,,,,,,
207,1,DDP,WFIRU,WWWTFIRU,,,2028,,,,,1.0,,,,,,,,,,,,,,,,,
207,1,DDP,WFIRU,WWWTFIRU,,,2029,,,,,1.0,,,,,,,,,,,,,,,,,
207,1,DDP,WFIRU,WWWTFIRU,,,2030,,,,,1.0,,,,,,,,,,,,,,,,,
207,1,DDP,WFIRU,WWWTFIRU,,,2031,,,,,1.0,,,,,,,,,,,,,,,,,
207,1,DDP,WFIRU,WWWTFIRU,,,2032,,,,,1.0,,,,,,,,,,,,,,,,,
207,1,DDP,WFIRU,WWWTFIRU,,,2033,,,,,1.0,,,,,,,,,,,,,,,,,
207,1,DDP,WFIRU,WWWTFIRU,,,2034,,,,,1.0,,,,,,,,,,,,,,,,,
207,1,DDP,WFIRU,WWWTFIRU,,,2035,,,,,1.0,,,,,,,,,,,,,,,,,
207,1,DDP,WFIRU,WWWTFIRU,,,2036,,,,,1.0,,,,,,,,,,,,,,,,,
207,1,DDP,WFIRU,WWWTFIRU,,,2037,,,,,1.0,,,,,,,,,,,,,,,,,
207,1,DDP,WFIRU,WWWTFIRU,,,2038,,,,,1.0,,,,,,,,,,,,,,,,,
207,1,DDP,WFIRU,WWWTFIRU,,,2039,,,,,1.0,,,,,,,,,,,,,,,,,
207,1,DDP,WFIRU,WWWTFIRU,,,2040,,,,,1.0,,,,,,,,,,,,,,,,,
207,1,DDP,WFIRU,WWWTFIRU,,,2041,,,,,1.0,,,,,,,,,,,,,,,,,
207,1,DDP,WFIRU,WWWTFIRU,,,2042,,,,,1.0,,,,,,,,,,,,,,,,,
207,1,DDP,WFIRU,WWWTFIRU,,,2043,,,,,1.0,,,,,,,,,,,,,,,,,
207,1,DDP,WFIRU,WWWTFIRU,,,2044,,,,,1.0,,,,,,,,,,,,,,,,,
207,1,DDP,WFIRU,WWWTFIRU,,,2045,,,,,1.0,,,,,,,,,,,,,,,,,
207,1,DDP,WFIRU,WWWTFIRU,,,2046,,,,,1.0,,,,,,,,,,,,,,,,,
207,1,DDP,WFIRU,WWWTFIRU,,,2047,,,,,1.0,,,,,,,,,,,,,,,,,
207,1,DDP,WFIRU,WWWTFIRU,,,2048,,,,,1.0,,,,,,,,,,,,,,,,,
207,1,DDP,WFIRU,WWWTFIRU,,,2049,,,,,1.0,,,,,,,,,,,,,,,,,
207,1,DDP,WFIRU,WWWTFIRU,,,2050,,,,,1.0,,,,,,,,,,,,,,,,,
207,1,DDP,WFIRU,WWWTFIRU,,,2051,,,,,1.0,,,,,,,,,,,,,,,,,
207,1,DDP,WFIRU,WWWTFIRU,,,2052,,,,,1.0,,,,,,,,,,,,,,,,,
207,1,DDP,WFIRU,WWWTFIRU,,,2053,,,,,1.0,,,,,,,,,,,,,,,,,
207,1,DDP,WFIRU,WWWTFIRU,,,2054,,,,,1.0,,,,,,,,,,,,,,,,,
207,1,DDP,WFIRU,WWWTFIRU,,,2055,,,,,1.0,,,,,,,,,,,,,,,,,
207,1,DDP,WFIRU,WWWTFIRU,,,2056,,,,,1.0,,,,,,,,,,,,,,,,,
207,1,DDP,WFIRU,WWWTFIRU,,,2057,,,,,1.0,,,,,,,,,,,,,,,,,
207,1,DDP,WFIRU,WWWTFIRU,,,2058,,,,,1.0,,,,,,,,,,,,,,,,,
207,1,DDP,WFIRU,WWWTFIRU,,,2059,,,,,1.0,,,,,,,,,,,,,,,,,
207,1,DDP,WFIRU,WWWTFIRU,,,2060,,,,,1.0,,,,,,,,,,,,,,,,,
207,1,DDP,WFIRU,WWWTFIRU,,,2061,,,,,1.0,,,,,,,,,,,,,,,,,
207,1,DDP,WFIRU,WWWTFIRU,,,2062,,,,,1.0,,,,,,,,,,,,,,,,,
207,1,DDP,WFIRU,WWWTFIRU,,,2063,,,,,1.0,,,,,,,,,,,,,,,,,
207,1,DDP,WFIRU,WWWTFIRU,,,2064,,,,,1.0,,,,,,,,,,,,,,,,,
207,1,DDP,WFIRU,WWWTFIRU,,,2065,,,,,1.0,,,,,,,,,,,,,,,,,
207,1,DDP,WFIRU,WWWTFIRU,,,2066,,,,,1.0,,,,,,,,,,,,,,,,,
207,1,DDP,WFIRU,WWWTFIRU,,,2067,,,,,1.0,,,,,,,,,,,,,,,,,
207,1,DDP,WFIRU,WWWTFIRU,,,2068,,,,,1.0,,,,,,,,,,,,,,,,,
207,1,DDP,WFIRU,WWWTFIRU,,,2069,,,,,1.0,,,,,,,,,,,,,,,,,
207,1,DDP,WFIRU,WWWTFIRU,,,2070,,,,,1.0,,,,,,,,,,,,,,,,,
207,1,DDP,WWWOT,TWWWOT,,,2018,,,,,1.0,,,,,,,,,,,,,,,,,
207,1,DDP,WWWOT,TWWWOT,,,2019,,,,,1.0,,,,,,,,,,,,,,,,,
207,1,DDP,WWWOT,TWWWOT,,,2020,,,,,1.0,,,,,,,,,,,,,,,,,
207,1,DDP,WWWOT,TWWWOT,,,2021,,,,,1.0,,,,,,,,,,,,,,,,,
207,1,DDP,WWWOT,TWWWOT,,,2022,,,,,1.0,,,,,,,,,,,,,,,,,
207,1,DDP,WWWOT,TWWWOT,,,2023,,,,,1.0,,,,,,,,,,,,,,,,,
207,1,DDP,WWWOT,TWWWOT,,,2024,,,,,1.0,,,,,,,,,,,,,,,,,
207,1,DDP,WWWOT,TWWWOT,,,2025,,,,,1.0,,,,,,,,,,,,,,,,,
207,1,DDP,WWWOT,TWWWOT,,,2026,,,,,1.0,,,,,,,,,,,,,,,,,
207,1,DDP,WWWOT,TWWWOT,,,2027,,,,,1.0,,,,,,,,,,,,,,,,,
207,1,DDP,WWWOT,TWWWOT,,,2028,,,,,1.0,,,,,,,,,,,,,,,,,
207,1,DDP,WWWOT,TWWWOT,,,2029,,,,,1.0,,,,,,,,,,,,,,,,,
207,1,DDP,WWWOT,TWWWOT,,,2030,,,,,1.0,,,,,,,,,,,,,,,,,
207,1,DDP,WWWOT,TWWWOT,,,2031,,,,,1.0,,,,,,,,,,,,,,,,,
207,1,DDP,WWWOT,TWWWOT,,,2032,,,,,1.0,,,,,,,,,,,,,,,,,
207,1,DDP,WWWOT,TWWWOT,,,2033,,,,,1.0,,,,,,,,,,,,,,,,,
207,1,DDP,WWWOT,TWWWOT,,,2034,,,,,1.0,,,,,,,,,,,,,,,,,
207,1,DDP,WWWOT,TWWWOT,,,2035,,,,,1.0,,,,,,,,,,,,,,,,,
207,1,DDP,WWWOT,TWWWOT,,,2036,,,,,1.0,,,,,,,,,,,,,,,,,
207,1,DDP,WWWOT,TWWWOT,,,2037,,,,,1.0,,,,,,,,,,,,,,,,,
207,1,DDP,WWWOT,TWWWOT,,,2038,,,,,1.0,,,,,,,,,,,,,,,,,
207,1,DDP,WWWOT,TWWWOT,,,2039,,,,,1.0,,,,,,,,,,,,,,,,,
207,1,DDP,WWWOT,TWWWOT,,,2040,,,,,1.0,,,,,,,,,,,,,,,,,
207,1,DDP,WWWOT,TWWWOT,,,2041,,,,,1.0,,,,,,,,,,,,,,,,,
207,1,DDP,WWWOT,TWWWOT,,,2042,,,,,1.0,,,,,,,,,,,,,,,,,
207,1,DDP,WWWOT,TWWWOT,,,2043,,,,,1.0,,,,,,,,,,,,,,,,,
207,1,DDP,WWWOT,TWWWOT,,,2044,,,,,1.0,,,,,,,,,,,,,,,,,
207,1,DDP,WWWOT,TWWWOT,,,2045,,,,,1.0,,,,,,,,,,,,,,,,,
207,1,DDP,WWWOT,TWWWOT,,,2046,,,,,1.0,,,,,,,,,,,,,,,,,
207,1,DDP,WWWOT,TWWWOT,,,2047,,,,,1.0,,,,,,,,,,,,,,,,,
207,1,DDP,WWWOT,TWWWOT,,,2048,,,,,1.0,,,,,,,,,,,,,,,,,
207,1,DDP,WWWOT,TWWWOT,,,2049,,,,,1.0,,,,,,,,,,,,,,,,,
207,1,DDP,WWWOT,TWWWOT,,,2050,,,,,1.0,,,,,,,,,,,,,,,,,
207,1,DDP,WWWOT,TWWWOT,,,2051,,,,,1.0,,,,,,,,,,,,,,,,,
207,1,DDP,WWWOT,TWWWOT,,,2052,,,,,1.0,,,,,,,,,,,,,,,,,
207,1,DDP,WWWOT,TWWWOT,,,2053,,,,,1.0,,,,,,,,,,,,,,,,,
207,1,DDP,WWWOT,TWWWOT,,,2054,,,,,1.0,,,,,,,,,,,,,,,,,
207,1,DDP,WWWOT,TWWWOT,,,2055,,,,,1.0,,,,,,,,,,,,,,,,,
207,1,DDP,WWWOT,TWWWOT,,,2056,,,,,1.0,,,,,,,,,,,,,,,,,
207,1,DDP,WWWOT,TWWWOT,,,2057,,,,,1.0,,,,,,,,,,,,,,,,,
207,1,DDP,WWWOT,TWWWOT,,,2058,,,,,1.0,,,,,,,,,,,,,,,,,
207,1,DDP,WWWOT,TWWWOT,,,2059,,,,,1.0,,,,,,,,,,,,,,,,,
207,1,DDP,WWWOT,TWWWOT,,,2060,,,,,1.0,,,,,,,,,,,,,,,,,
207,1,DDP,WWWOT,TWWWOT,,,2061,,,,,1.0,,,,,,,,,,,,,,,,,
207,1,DDP,WWWOT,TWWWOT,,,2062,,,,,1.0,,,,,,,,,,,,,,,,,
207,1,DDP,WWWOT,TWWWOT,,,2063,,,,,1.0,,,,,,,,,,,,,,,,,
207,1,DDP,WWWOT,TWWWOT,,,2064,,,,,1.0,,,,,,,,,,,,,,,,,
207,1,DDP,WWWOT,TWWWOT,,,2065,,,,,1.0,,,,,,,,,,,,,,,,,
207,1,DDP,WWWOT,TWWWOT,,,2066,,,,,1.0,,,,,,,,,,,,,,,,,
207,1,DDP,WWWOT,TWWWOT,,,2067,,,,,1.0,,,,,,,,,,,,,,,,,
207,1,DDP,WWWOT,TWWWOT,,,2068,,,,,1.0,,,,,,,,,,,,,,,,,
207,1,DDP,WWWOT,TWWWOT,,,2069,,,,,1.0,,,,,,,,,,,,,,,,,
207,1,DDP,WWWOT,TWWWOT,,,2070,,,,,1.0,,,,,,,,,,,,,,,,,
207,1,DDP,SEWERWW,SEWERWW,,,2018,,,,,1.0,,,,,,,,,,,,,,,,,
207,1,DDP,SEWERWW,SEWERWW,,,2019,,,,,1.0,,,,,,,,,,,,,,,,,
207,1,DDP,SEWERWW,SEWERWW,,,2020,,,,,1.0,,,,,,,,,,,,,,,,,
207,1,DDP,SEWERWW,SEWERWW,,,2021,,,,,1.0,,,,,,,,,,,,,,,,,
207,1,DDP,SEWERWW,SEWERWW,,,2022,,,,,1.0,,,,,,,,,,,,,,,,,
207,1,DDP,SEWERWW,SEWERWW,,,2023,,,,,1.0,,,,,,,,,,,,,,,,,
207,1,DDP,SEWERWW,SEWERWW,,,2024,,,,,1.0,,,,,,,,,,,,,,,,,
207,1,DDP,SEWERWW,SEWERWW,,,2025,,,,,1.0,,,,,,,,,,,,,,,,,
207,1,DDP,SEWERWW,SEWERWW,,,2026,,,,,1.0,,,,,,,,,,,,,,,,,
207,1,DDP,SEWERWW,SEWERWW,,,2027,,,,,1.0,,,,,,,,,,,,,,,,,
207,1,DDP,SEWERWW,SEWERWW,,,2028,,,,,1.0,,,,,,,,,,,,,,,,,
207,1,DDP,SEWERWW,SEWERWW,,,2029,,,,,1.0,,,,,,,,,,,,,,,,,
207,1,DDP,SEWERWW,SEWERWW,,,2030,,,,,1.0,,,,,,,,,,,,,,,,,
207,1,DDP,SEWERWW,SEWERWW,,,2031,,,,,1.0,,,,,,,,,,,,,,,,,
207,1,DDP,SEWERWW,SEWERWW,,,2032,,,,,1.0,,,,,,,,,,,,,,,,,
207,1,DDP,SEWERWW,SEWERWW,,,2033,,,,,1.0,,,,,,,,,,,,,,,,,
207,1,DDP,SEWERWW,SEWERWW,,,2034,,,,,1.0,,,,,,,,,,,,,,,,,
207,1,DDP,SEWERWW,SEWERWW,,,2035,,,,,1.0,,,,,,,,,,,,,,,,,
207,1,DDP,SEWERWW,SEWERWW,,,2036,,,,,1.0,,,,,,,,,,,,,,,,,
207,1,DDP,SEWERWW,SEWERWW,,,2037,,,,,1.0,,,,,,,,,,,,,,,,,
207,1,DDP,SEWERWW,SEWERWW,,,2038,,,,,1.0,,,,,,,,,,,,,,,,,
207,1,DDP,SEWERWW,SEWERWW,,,2039,,,,,1.0,,,,,,,,,,,,,,,,,
207,1,DDP,SEWERWW,SEWERWW,,,2040,,,,,1.0,,,,,,,,,,,,,,,,,
207,1,DDP,SEWERWW,SEWERWW,,,2041,,,,,1.0,,,,,,,,,,,,,,,,,
207,1,DDP,SEWERWW,SEWERWW,,,2042,,,,,1.0,,,,,,,,,,,,,,,,,
207,1,DDP,SEWERWW,SEWERWW,,,2043,,,,,1.0,,,,,,,,,,,,,,,,,
207,1,DDP,SEWERWW,SEWERWW,,,2044,,,,,1.0,,,,,,,,,,,,,,,,,
207,1,DDP,SEWERWW,SEWERWW,,,2045,,,,,1.0,,,,,,,,,,,,,,,,,
207,1,DDP,SEWERWW,SEWERWW,,,2046,,,,,1.0,,,,,,,,,,,,,,,,,
207,1,DDP,SEWERWW,SEWERWW,,,2047,,,,,1.0,,,,,,,,,,,,,,,,,
207,1,DDP,SEWERWW,SEWERWW,,,2048,,,,,1.0,,,,,,,,,,,,,,,,,
207,1,DDP,SEWERWW,SEWERWW,,,2049,,,,,1.0,,,,,,,,,,,,,,,,,
207,1,DDP,SEWERWW,SEWERWW,,,2050,,,,,1.0,,,,,,,,,,,,,,,,,
207,1,DDP,SEWERWW,SEWERWW,,,2051,,,,,1.0,,,,,,,,,,,,,,,,,
207,1,DDP,SEWERWW,SEWERWW,,,2052,,,,,1.0,,,,,,,,,,,,,,,,,
207,1,DDP,SEWERWW,SEWERWW,,,2053,,,,,1.0,,,,,,,,,,,,,,,,,
207,1,DDP,SEWERWW,SEWERWW,,,2054,,,,,1.0,,,,,,,,,,,,,,,,,
207,1,DDP,SEWERWW,SEWERWW,,,2055,,,,,1.0,,,,,,,,,,,,,,,,,
207,1,DDP,SEWERWW,SEWERWW,,,2056,,,,,1.0,,,,,,,,,,,,,,,,,
207,1,DDP,SEWERWW,SEWERWW,,,2057,,,,,1.0,,,,,,,,,,,,,,,,,
207,1,DDP,SEWERWW,SEWERWW,,,2058,,,,,1.0,,,,,,,,,,,,,,,,,
207,1,DDP,SEWERWW,SEWERWW,,,2059,,,,,1.0,,,,,,,,,,,,,,,,,
207,1,DDP,SEWERWW,SEWERWW,,,2060,,,,,1.0,,,,,,,,,,,,,,,,,
207,1,DDP,SEWERWW,SEWERWW,,,2061,,,,,1.0,,,,,,,,,,,,,,,,,
207,1,DDP,SEWERWW,SEWERWW,,,2062,,,,,1.0,,,,,,,,,,,,,,,,,
207,1,DDP,SEWERWW,SEWERWW,,,2063,,,,,1.0,,,,,,,,,,,,,,,,,
207,1,DDP,SEWERWW,SEWERWW,,,2064,,,,,1.0,,,,,,,,,,,,,,,,,
207,1,DDP,SEWERWW,SEWERWW,,,2065,,,,,1.0,,,,,,,,,,,,,,,,,
207,1,DDP,SEWERWW,SEWERWW,,,2066,,,,,1.0,,,,,,,,,,,,,,,,,
207,1,DDP,SEWERWW,SEWERWW,,,2067,,,,,1.0,,,,,,,,,,,,,,,,,
207,1,DDP,SEWERWW,SEWERWW,,,2068,,,,,1.0,,,,,,,,,,,,,,,,,
207,1,DDP,SEWERWW,SEWERWW,,,2069,,,,,1.0,,,,,,,,,,,,,,,,,
207,1,DDP,SEWERWW,SEWERWW,,,2070,,,,,1.0,,,,,,,,,,,,,,,,,
207,1,DDP,WWWT,STWW,,,2018,,,,,1.0,,,,,,,,,,,,,,,,,
207,1,DDP,WWWT,STWW,,,2019,,,,,1.0,,,,,,,,,,,,,,,,,
207,1,DDP,WWWT,STWW,,,2020,,,,,1.0,,,,,,,,,,,,,,,,,
207,1,DDP,WWWT,STWW,,,2021,,,,,1.0,,,,,,,,,,,,,,,,,
207,1,DDP,WWWT,STWW,,,2022,,,,,1.0,,,,,,,,,,,,,,,,,
207,1,DDP,WWWT,STWW,,,2023,,,,,1.0,,,,,,,,,,,,,,,,,
207,1,DDP,WWWT,STWW,,,2024,,,,,1.0,,,,,,,,,,,,,,,,,
207,1,DDP,WWWT,STWW,,,2025,,,,,1.0,,,,,,,,,,,,,,,,,
207,1,DDP,WWWT,STWW,,,2026,,,,,1.0,,,,,,,,,,,,,,,,,
207,1,DDP,WWWT,STWW,,,2027,,,,,1.0,,,,,,,,,,,,,,,,,
207,1,DDP,WWWT,STWW,,,2028,,,,,1.0,,,,,,,,,,,,,,,,,
207,1,DDP,WWWT,STWW,,,2029,,,,,1.0,,,,,,,,,,,,,,,,,
207,1,DDP,WWWT,STWW,,,2030,,,,,1.0,,,,,,,,,,,,,,,,,
207,1,DDP,WWWT,STWW,,,2031,,,,,1.0,,,,,,,,,,,,,,,,,
207,1,DDP,WWWT,STWW,,,2032,,,,,1.0,,,,,,,,,,,,,,,,,
207,1,DDP,WWWT,STWW,,,2033,,,,,1.0,,,,,,,,,,,,,,,,,
207,1,DDP,WWWT,STWW,,,2034,,,,,1.0,,,,,,,,,,,,,,,,,
207,1,DDP,WWWT,STWW,,,2035,,,,,1.0,,,,,,,,,,,,,,,,,
207,1,DDP,WWWT,STWW,,,2036,,,,,1.0,,,,,,,,,,,,,,,,,
207,1,DDP,WWWT,STWW,,,2037,,,,,1.0,,,,,,,,,,,,,,,,,
207,1,DDP,WWWT,STWW,,,2038,,,,,1.0,,,,,,,,,,,,,,,,,
207,1,DDP,WWWT,STWW,,,2039,,,,,1.0,,,,,,,,,,,,,,,,,
207,1,DDP,WWWT,STWW,,,2040,,,,,1.0,,,,,,,,,,,,,,,,,
207,1,DDP,WWWT,STWW,,,2041,,,,,1.0,,,,,,,,,,,,,,,,,
207,1,DDP,WWWT,STWW,,,2042,,,,,1.0,,,,,,,,,,,,,,,,,
207,1,DDP,WWWT,STWW,,,2043,,,,,1.0,,,,,,,,,,,,,,,,,
207,1,DDP,WWWT,STWW,,,2044,,,,,1.0,,,,,,,,,,,,,,,,,
207,1,DDP,WWWT,STWW,,,2045,,,,,1.0,,,,,,,,,,,,,,,,,
207,1,DDP,WWWT,STWW,,,2046,,,,,1.0,,,,,,,,,,,,,,,,,
207,1,DDP,WWWT,STWW,,,2047,,,,,1.0,,,,,,,,,,,,,,,,,
207,1,DDP,WWWT,STWW,,,2048,,,,,1.0,,,,,,,,,,,,,,,,,
207,1,DDP,WWWT,STWW,,,2049,,,,,1.0,,,,,,,,,,,,,,,,,
207,1,DDP,WWWT,STWW,,,2050,,,,,1.0,,,,,,,,,,,,,,,,,
207,1,DDP,WWWT,STWW,,,2051,,,,,1.0,,,,,,,,,,,,,,,,,
207,1,DDP,WWWT,STWW,,,2052,,,,,1.0,,,,,,,,,,,,,,,,,
207,1,DDP,WWWT,STWW,,,2053,,,,,1.0,,,,,,,,,,,,,,,,,
207,1,DDP,WWWT,STWW,,,2054,,,,,1.0,,,,,,,,,,,,,,,,,
207,1,DDP,WWWT,STWW,,,2055,,,,,1.0,,,,,,,,,,,,,,,,,
207,1,DDP,WWWT,STWW,,,2056,,,,,1.0,,,,,,,,,,,,,,,,,
207,1,DDP,WWWT,STWW,,,2057,,,,,1.0,,,,,,,,,,,,,,,,,
207,1,DDP,WWWT,STWW,,,2058,,,,,1.0,,,,,,,,,,,,,,,,,
207,1,DDP,WWWT,STWW,,,2059,,,,,1.0,,,,,,,,,,,,,,,,,
207,1,DDP,WWWT,STWW,,,2060,,,,,1.0,,,,,,,,,,,,,,,,,
207,1,DDP,WWWT,STWW,,,2061,,,,,1.0,,,,,,,,,,,,,,,,,
207,1,DDP,WWWT,STWW,,,2062,,,,,1.0,,,,,,,,,,,,,,,,,
207,1,DDP,WWWT,STWW,,,2063,,,,,1.0,,,,,,,,,,,,,,,,,
207,1,DDP,WWWT,STWW,,,2064,,,,,1.0,,,,,,,,,,,,,,,,,
207,1,DDP,WWWT,STWW,,,2065,,,,,1.0,,,,,,,,,,,,,,,,,
207,1,DDP,WWWT,STWW,,,2066,,,,,1.0,,,,,,,,,,,,,,,,,
207,1,DDP,WWWT,STWW,,,2067,,,,,1.0,,,,,,,,,,,,,,,,,
207,1,DDP,WWWT,STWW,,,2068,,,,,1.0,,,,,,,,,,,,,,,,,
207,1,DDP,WWWT,STWW,,,2069,,,,,1.0,,,,,,,,,,,,,,,,,
207,1,DDP,WWWT,STWW,,,2070,,,,,1.0,,,,,,,,,,,,,,,,,
207,1,DDP,TSW,T5TSWTSW,,,2018,,,,,1.0,,,,,,,,,,,,,,,,,
207,1,DDP,TSW,T5TSWTSW,,,2019,,,,,1.0,,,,,,,,,,,,,,,,,
207,1,DDP,TSW,T5TSWTSW,,,2020,,,,,1.0,,,,,,,,,,,,,,,,,
207,1,DDP,TSW,T5TSWTSW,,,2021,,,,,1.0,,,,,,,,,,,,,,,,,
207,1,DDP,TSW,T5TSWTSW,,,2022,,,,,1.0,,,,,,,,,,,,,,,,,
207,1,DDP,TSW,T5TSWTSW,,,2023,,,,,1.0,,,,,,,,,,,,,,,,,
207,1,DDP,TSW,T5TSWTSW,,,2024,,,,,1.0,,,,,,,,,,,,,,,,,
207,1,DDP,TSW,T5TSWTSW,,,2025,,,,,1.0,,,,,,,,,,,,,,,,,
207,1,DDP,TSW,T5TSWTSW,,,2026,,,,,1.0,,,,,,,,,,,,,,,,,
207,1,DDP,TSW,T5TSWTSW,,,2027,,,,,1.0,,,,,,,,,,,,,,,,,
207,1,DDP,TSW,T5TSWTSW,,,2028,,,,,1.0,,,,,,,,,,,,,,,,,
207,1,DDP,TSW,T5TSWTSW,,,2029,,,,,1.0,,,,,,,,,,,,,,,,,
207,1,DDP,TSW,T5TSWTSW,,,2030,,,,,1.0,,,,,,,,,,,,,,,,,
207,1,DDP,TSW,T5TSWTSW,,,2031,,,,,1.0,,,,,,,,,,,,,,,,,
207,1,DDP,TSW,T5TSWTSW,,,2032,,,,,1.0,,,,,,,,,,,,,,,,,
207,1,DDP,TSW,T5TSWTSW,,,2033,,,,,1.0,,,,,,,,,,,,,,,,,
207,1,DDP,TSW,T5TSWTSW,,,2034,,,,,1.0,,,,,,,,,,,,,,,,,
207,1,DDP,TSW,T5TSWTSW,,,2035,,,,,1.0,,,,,,,,,,,,,,,,,
207,1,DDP,TSW,T5TSWTSW,,,2036,,,,,1.0,,,,,,,,,,,,,,,,,
207,1,DDP,TSW,T5TSWTSW,,,2037,,,,,1.0,,,,,,,,,,,,,,,,,
207,1,DDP,TSW,T5TSWTSW,,,2038,,,,,1.0,,,,,,,,,,,,,,,,,
207,1,DDP,TSW,T5TSWTSW,,,2039,,,,,1.0,,,,,,,,,,,,,,,,,
207,1,DDP,TSW,T5TSWTSW,,,2040,,,,,1.0,,,,,,,,,,,,,,,,,
207,1,DDP,TSW,T5TSWTSW,,,2041,,,,,1.0,,,,,,,,,,,,,,,,,
207,1,DDP,TSW,T5TSWTSW,,,2042,,,,,1.0,,,,,,,,,,,,,,,,,
207,1,DDP,TSW,T5TSWTSW,,,2043,,,,,1.0,,,,,,,,,,,,,,,,,
207,1,DDP,TSW,T5TSWTSW,,,2044,,,,,1.0,,,,,,,,,,,,,,,,,
207,1,DDP,TSW,T5TSWTSW,,,2045,,,,,1.0,,,,,,,,,,,,,,,,,
207,1,DDP,TSW,T5TSWTSW,,,2046,,,,,1.0,,,,,,,,,,,,,,,,,
207,1,DDP,TSW,T5TSWTSW,,,2047,,,,,1.0,,,,,,,,,,,,,,,,,
207,1,DDP,TSW,T5TSWTSW,,,2048,,,,,1.0,,,,,,,,,,,,,,,,,
207,1,DDP,TSW,T5TSWTSW,,,2049,,,,,1.0,,,,,,,,,,,,,,,,,
207,1,DDP,TSW,T5TSWTSW,,,2050,,,,,1.0,,,,,,,,,,,,,,,,,
207,1,DDP,TSW,T5TSWTSW,,,2051,,,,,1.0,,,,,,,,,,,,,,,,,
207,1,DDP,TSW,T5TSWTSW,,,2052,,,,,1.0,,,,,,,,,,,,,,,,,
207,1,DDP,TSW,T5TSWTSW,,,2053,,,,,1.0,,,,,,,,,,,,,,,,,
207,1,DDP,TSW,T5TSWTSW,,,2054,,,,,1.0,,,,,,,,,,,,,,,,,
207,1,DDP,TSW,T5TSWTSW,,,2055,,,,,1.0,,,,,,,,,,,,,,,,,
207,1,DDP,TSW,T5TSWTSW,,,2056,,,,,1.0,,,,,,,,,,,,,,,,,
207,1,DDP,TSW,T5TSWTSW,,,2057,,,,,1.0,,,,,,,,,,,,,,,,,
207,1,DDP,TSW,T5TSWTSW,,,2058,,,,,1.0,,,,,,,,,,,,,,,,,
207,1,DDP,TSW,T5TSWTSW,,,2059,,,,,1.0,,,,,,,,,,,,,,,,,
207,1,DDP,TSW,T5TSWTSW,,,2060,,,,,1.0,,,,,,,,,,,,,,,,,
207,1,DDP,TSW,T5TSWTSW,,,2061,,,,,1.0,,,,,,,,,,,,,,,,,
207,1,DDP,TSW,T5TSWTSW,,,2062,,,,,1.0,,,,,,,,,,,,,,,,,
207,1,DDP,TSW,T5TSWTSW,,,2063,,,,,1.0,,,,,,,,,,,,,,,,,
207,1,DDP,TSW,T5TSWTSW,,,2064,,,,,1.0,,,,,,,,,,,,,,,,,
207,1,DDP,TSW,T5TSWTSW,,,2065,,,,,1.0,,,,,,,,,,,,,,,,,
207,1,DDP,TSW,T5TSWTSW,,,2066,,,,,1.0,,,,,,,,,,,,,,,,,
207,1,DDP,TSW,T5TSWTSW,,,2067,,,,,1.0,,,,,,,,,,,,,,,,,
207,1,DDP,TSW,T5TSWTSW,,,2068,,,,,1.0,,,,,,,,,,,,,,,,,
207,1,DDP,TSW,T5TSWTSW,,,2069,,,,,1.0,,,,,,,,,,,,,,,,,
207,1,DDP,TSW,T5TSWTSW,,,2070,,,,,1.0,,,,,,,,,,,,,,,,,
207,1,DDP,TWW,T5TWWTWW,,,2018,,,,,1.0,,,,,,,,,,,,,,,,,
207,1,DDP,TWW,T5TWWTWW,,,2019,,,,,1.0,,,,,,,,,,,,,,,,,
207,1,DDP,TWW,T5TWWTWW,,,2020,,,,,1.0,,,,,,,,,,,,,,,,,
207,1,DDP,TWW,T5TWWTWW,,,2021,,,,,1.0,,,,,,,,,,,,,,,,,
207,1,DDP,TWW,T5TWWTWW,,,2022,,,,,1.0,,,,,,,,,,,,,,,,,
207,1,DDP,TWW,T5TWWTWW,,,2023,,,,,1.0,,,,,,,,,,,,,,,,,
207,1,DDP,TWW,T5TWWTWW,,,2024,,,,,1.0,,,,,,,,,,,,,,,,,
207,1,DDP,TWW,T5TWWTWW,,,2025,,,,,1.0,,,,,,,,,,,,,,,,,
207,1,DDP,TWW,T5TWWTWW,,,2026,,,,,1.0,,,,,,,,,,,,,,,,,
207,1,DDP,TWW,T5TWWTWW,,,2027,,,,,1.0,,,,,,,,,,,,,,,,,
207,1,DDP,TWW,T5TWWTWW,,,2028,,,,,1.0,,,,,,,,,,,,,,,,,
207,1,DDP,TWW,T5TWWTWW,,,2029,,,,,1.0,,,,,,,,,,,,,,,,,
207,1,DDP,TWW,T5TWWTWW,,,2030,,,,,1.0,,,,,,,,,,,,,,,,,
207,1,DDP,TWW,T5TWWTWW,,,2031,,,,,1.0,,,,,,,,,,,,,,,,,
207,1,DDP,TWW,T5TWWTWW,,,2032,,,,,1.0,,,,,,,,,,,,,,,,,
207,1,DDP,TWW,T5TWWTWW,,,2033,,,,,1.0,,,,,,,,,,,,,,,,,
207,1,DDP,TWW,T5TWWTWW,,,2034,,,,,1.0,,,,,,,,,,,,,,,,,
207,1,DDP,TWW,T5TWWTWW,,,2035,,,,,1.0,,,,,,,,,,,,,,,,,
207,1,DDP,TWW,T5TWWTWW,,,2036,,,,,1.0,,,,,,,,,,,,,,,,,
207,1,DDP,TWW,T5TWWTWW,,,2037,,,,,1.0,,,,,,,,,,,,,,,,,
207,1,DDP,TWW,T5TWWTWW,,,2038,,,,,1.0,,,,,,,,,,,,,,,,,
207,1,DDP,TWW,T5TWWTWW,,,2039,,,,,1.0,,,,,,,,,,,,,,,,,
207,1,DDP,TWW,T5TWWTWW,,,2040,,,,,1.0,,,,,,,,,,,,,,,,,
207,1,DDP,TWW,T5TWWTWW,,,2041,,,,,1.0,,,,,,,,,,,,,,,,,
207,1,DDP,TWW,T5TWWTWW,,,2042,,,,,1.0,,,,,,,,,,,,,,,,,
207,1,DDP,TWW,T5TWWTWW,,,2043,,,,,1.0,,,,,,,,,,,,,,,,,
207,1,DDP,TWW,T5TWWTWW,,,2044,,,,,1.0,,,,,,,,,,,,,,,,,
207,1,DDP,TWW,T5TWWTWW,,,2045,,,,,1.0,,,,,,,,,,,,,,,,,
207,1,DDP,TWW,T5TWWTWW,,,2046,,,,,1.0,,,,,,,,,,,,,,,,,
207,1,DDP,TWW,T5TWWTWW,,,2047,,,,,1.0,,,,,,,,,,,,,,,,,
207,1,DDP,TWW,T5TWWTWW,,,2048,,,,,1.0,,,,,,,,,,,,,,,,,
207,1,DDP,TWW,T5TWWTWW,,,2049,,,,,1.0,,,,,,,,,,,,,,,,,
207,1,DDP,TWW,T5TWWTWW,,,2050,,,,,1.0,,,,,,,,,,,,,,,,,
207,1,DDP,TWW,T5TWWTWW,,,2051,,,,,1.0,,,,,,,,,,,,,,,,,
207,1,DDP,TWW,T5TWWTWW,,,2052,,,,,1.0,,,,,,,,,,,,,,,,,
207,1,DDP,TWW,T5TWWTWW,,,2053,,,,,1.0,,,,,,,,,,,,,,,,,
207,1,DDP,TWW,T5TWWTWW,,,2054,,,,,1.0,,,,,,,,,,,,,,,,,
207,1,DDP,TWW,T5TWWTWW,,,2055,,,,,1.0,,,,,,,,,,,,,,,,,
207,1,DDP,TWW,T5TWWTWW,,,2056,,,,,1.0,,,,,,,,,,,,,,,,,
207,1,DDP,TWW,T5TWWTWW,,,2057,,,,,1.0,,,,,,,,,,,,,,,,,
207,1,DDP,TWW,T5TWWTWW,,,2058,,,,,1.0,,,,,,,,,,,,,,,,,
207,1,DDP,TWW,T5TWWTWW,,,2059,,,,,1.0,,,,,,,,,,,,,,,,,
207,1,DDP,TWW,T5TWWTWW,,,2060,,,,,1.0,,,,,,,,,,,,,,,,,
207,1,DDP,TWW,T5TWWTWW,,,2061,,,,,1.0,,,,,,,,,,,,,,,,,
207,1,DDP,TWW,T5TWWTWW,,,2062,,,,,1.0,,,,,,,,,,,,,,,,,
207,1,DDP,TWW,T5TWWTWW,,,2063,,,,,1.0,,,,,,,,,,,,,,,,,
207,1,DDP,TWW,T5TWWTWW,,,2064,,,,,1.0,,,,,,,,,,,,,,,,,
207,1,DDP,TWW,T5TWWTWW,,,2065,,,,,1.0,,,,,,,,,,,,,,,,,
207,1,DDP,TWW,T5TWWTWW,,,2066,,,,,1.0,,,,,,,,,,,,,,,,,
207,1,DDP,TWW,T5TWWTWW,,,2067,,,,,1.0,,,,,,,,,,,,,,,,,
207,1,DDP,TWW,T5TWWTWW,,,2068,,,,,1.0,,,,,,,,,,,,,,,,,
207,1,DDP,TWW,T5TWWTWW,,,2069,,,,,1.0,,,,,,,,,,,,,,,,,
207,1,DDP,TWW,T5TWWTWW,,,2070,,,,,1.0,,,,,,,,,,,,,,,,,
207,1,DDP,OSS_INORG,INORG_RCY_OS,,,2018,,,,,,1.0,,,,,,,,,,,,,,,,
207,1,DDP,OSS_INORG,INORG_RCY_OS,,,2019,,,,,,1.0,,,,,,,,,,,,,,,,
207,1,DDP,OSS_INORG,INORG_RCY_OS,,,2020,,,,,,1.0,,,,,,,,,,,,,,,,
207,1,DDP,OSS_INORG,INORG_RCY_OS,,,2021,,,,,,1.0,,,,,,,,,,,,,,,,
207,1,DDP,OSS_INORG,INORG_RCY_OS,,,2022,,,,,,1.0,,,,,,,,,,,,,,,,
207,1,DDP,OSS_INORG,INORG_RCY_OS,,,2023,,,,,,1.0,,,,,,,,,,,,,,,,
207,1,DDP,OSS_INORG,INORG_RCY_OS,,,2024,,,,,,1.0,,,,,,,,,,,,,,,,
207,1,DDP,OSS_INORG,INORG_RCY_OS,,,2025,,,,,,1.0,,,,,,,,,,,,,,,,
207,1,DDP,OSS_INORG,INORG_RCY_OS,,,2026,,,,,,1.0,,,,,,,,,,,,,,,,
207,1,DDP,OSS_INORG,INORG_RCY_OS,,,2027,,,,,,1.0,,,,,,,,,,,,,,,,
207,1,DDP,OSS_INORG,INORG_RCY_OS,,,2028,,,,,,1.0,,,,,,,,,,,,,,,,
207,1,DDP,OSS_INORG,INORG_RCY_OS,,,2029,,,,,,1.0,,,,,,,,,,,,,,,,
207,1,DDP,OSS_INORG,INORG_RCY_OS,,,2030,,,,,,1.0,,,,,,,,,,,,,,,,
207,1,DDP,OSS_INORG,INORG_RCY_OS,,,2031,,,,,,1.0,,,,,,,,,,,,,,,,
207,1,DDP,OSS_INORG,INORG_RCY_OS,,,2032,,,,,,1.0,,,,,,,,,,,,,,,,
207,1,DDP,OSS_INORG,INORG_RCY_OS,,,2033,,,,,,1.0,,,,,,,,,,,,,,,,
207,1,DDP,OSS_INORG,INORG_RCY_OS,,,2034,,,,,,1.0,,,,,,,,,,,,,,,,
207,1,DDP,OSS_INORG,INORG_RCY_OS,,,2035,,,,,,1.0,,,,,,,,,,,,,,,,
207,1,DDP,OSS_INORG,INORG_RCY_OS,,,2036,,,,,,1.0,,,,,,,,,,,,,,,,
207,1,DDP,OSS_INORG,INORG_RCY_OS,,,2037,,,,,,1.0,,,,,,,,,,,,,,,,
207,1,DDP,OSS_INORG,INORG_RCY_OS,,,2038,,,,,,1.0,,,,,,,,,,,,,,,,
207,1,DDP,OSS_INORG,INORG_RCY_OS,,,2039,,,,,,1.0,,,,,,,,,,,,,,,,
207,1,DDP,OSS_INORG,INORG_RCY_OS,,,2040,,,,,,1.0,,,,,,,,,,,,,,,,
207,1,DDP,OSS_INORG,INORG_RCY_OS,,,2041,,,,,,1.0,,,,,,,,,,,,,,,,
207,1,DDP,OSS_INORG,INORG_RCY_OS,,,2042,,,,,,1.0,,,,,,,,,,,,,,,,
207,1,DDP,OSS_INORG,INORG_RCY_OS,,,2043,,,,,,1.0,,,,,,,,,,,,,,,,
207,1,DDP,OSS_INORG,INORG_RCY_OS,,,2044,,,,,,1.0,,,,,,,,,,,,,,,,
207,1,DDP,OSS_INORG,INORG_RCY_OS,,,2045,,,,,,1.0,,,,,,,,,,,,,,,,
207,1,DDP,OSS_INORG,INORG_RCY_OS,,,2046,,,,,,1.0,,,,,,,,,,,,,,,,
207,1,DDP,OSS_INORG,INORG_RCY_OS,,,2047,,,,,,1.0,,,,,,,,,,,,,,,,
207,1,DDP,OSS_INORG,INORG_RCY_OS,,,2048,,,,,,1.0,,,,,,,,,,,,,,,,
207,1,DDP,OSS_INORG,INORG_RCY_OS,,,2049,,,,,,1.0,,,,,,,,,,,,,,,,
207,1,DDP,OSS_INORG,INORG_RCY_OS,,,2050,,,,,,1.0,,,,,,,,,,,,,,,,
207,1,DDP,OSS_INORG,INORG_RCY_OS,,,2051,,,,,,1.0,,,,,,,,,,,,,,,,
207,1,DDP,OSS_INORG,INORG_RCY_OS,,,2052,,,,,,1.0,,,,,,,,,,,,,,,,
207,1,DDP,OSS_INORG,INORG_RCY_OS,,,2053,,,,,,1.0,,,,,,,,,,,,,,,,
207,1,DDP,OSS_INORG,INORG_RCY_OS,,,2054,,,,,,1.0,,,,,,,,,,,,,,,,
207,1,DDP,OSS_INORG,INORG_RCY_OS,,,2055,,,,,,1.0,,,,,,,,,,,,,,,,
207,1,DDP,OSS_INORG,INORG_RCY_OS,,,2056,,,,,,1.0,,,,,,,,,,,,,,,,
207,1,DDP,OSS_INORG,INORG_RCY_OS,,,2057,,,,,,1.0,,,,,,,,,,,,,,,,
207,1,DDP,OSS_INORG,INORG_RCY_OS,,,2058,,,,,,1.0,,,,,,,,,,,,,,,,
207,1,DDP,OSS_INORG,INORG_RCY_OS,,,2059,,,,,,1.0,,,,,,,,,,,,,,,,
207,1,DDP,OSS_INORG,INORG_RCY_OS,,,2060,,,,,,1.0,,,,,,,,,,,,,,,,
207,1,DDP,OSS_INORG,INORG_RCY_OS,,,2061,,,,,,1.0,,,,,,,,,,,,,,,,
207,1,DDP,OSS_INORG,INORG_RCY_OS,,,2062,,,,,,1.0,,,,,,,,,,,,,,,,
207,1,DDP,OSS_INORG,INORG_RCY_OS,,,2063,,,,,,1.0,,,,,,,,,,,,,,,,
207,1,DDP,OSS_INORG,INORG_RCY_OS,,,2064,,,,,,1.0,,,,,,,,,,,,,,,,
207,1,DDP,OSS_INORG,INORG_RCY_OS,,,2065,,,,,,1.0,,,,,,,,,,,,,,,,
207,1,DDP,OSS_INORG,INORG_RCY_OS,,,2066,,,,,,1.0,,,,,,,,,,,,,,,,
207,1,DDP,OSS_INORG,INORG_RCY_OS,,,2067,,,,,,1.0,,,,,,,,,,,,,,,,
207,1,DDP,OSS_INORG,INORG_RCY_OS,,,2068,,,,,,1.0,,,,,,,,,,,,,,,,
207,1,DDP,OSS_INORG,INORG_RCY_OS,,,2069,,,,,,1.0,,,,,,,,,,,,,,,,
207,1,DDP,OSS_INORG,INORG_RCY_OS,,,2070,,,,,,1.0,,,,,,,,,,,,,,,,
207,1,DDP,OSS_ORG,AD,,,2018,,,,,,1.0,,,,,,,,,,,,,,,,
207,1,DDP,OSS_ORG,AD,,,2019,,,,,,1.0,,,,,,,,,,,,,,,,
207,1,DDP,OSS_ORG,AD,,,2020,,,,,,1.0,,,,,,,,,,,,,,,,
207,1,DDP,OSS_ORG,AD,,,2021,,,,,,1.0,,,,,,,,,,,,,,,,
207,1,DDP,OSS_ORG,AD,,,2022,,,,,,1.0,,,,,,,,,,,,,,,,
207,1,DDP,OSS_ORG,AD,,,2023,,,,,,1.0,,,,,,,,,,,,,,,,
207,1,DDP,OSS_ORG,AD,,,2024,,,,,,1.0,,,,,,,,,,,,,,,,
207,1,DDP,OSS_ORG,AD,,,2025,,,,,,1.0,,,,,,,,,,,,,,,,
207,1,DDP,OSS_ORG,AD,,,2026,,,,,,1.0,,,,,,,,,,,,,,,,
207,1,DDP,OSS_ORG,AD,,,2027,,,,,,1.0,,,,,,,,,,,,,,,,
207,1,DDP,OSS_ORG,AD,,,2028,,,,,,1.0,,,,,,,,,,,,,,,,
207,1,DDP,OSS_ORG,AD,,,2029,,,,,,1.0,,,,,,,,,,,,,,,,
207,1,DDP,OSS_ORG,AD,,,2030,,,,,,1.0,,,,,,,,,,,,,,,,
207,1,DDP,OSS_ORG,AD,,,2031,,,,,,1.0,,,,,,,,,,,,,,,,
207,1,DDP,OSS_ORG,AD,,,2032,,,,,,1.0,,,,,,,,,,,,,,,,
207,1,DDP,OSS_ORG,AD,,,2033,,,,,,1.0,,,,,,,,,,,,,,,,
207,1,DDP,OSS_ORG,AD,,,2034,,,,,,1.0,,,,,,,,,,,,,,,,
207,1,DDP,OSS_ORG,AD,,,2035,,,,,,1.0,,,,,,,,,,,,,,,,
207,1,DDP,OSS_ORG,AD,,,2036,,,,,,1.0,,,,,,,,,,,,,,,,
207,1,DDP,OSS_ORG,AD,,,2037,,,,,,1.0,,,,,,,,,,,,,,,,
207,1,DDP,OSS_ORG,AD,,,2038,,,,,,1.0,,,,,,,,,,,,,,,,
207,1,DDP,OSS_ORG,AD,,,2039,,,,,,1.0,,,,,,,,,,,,,,,,
207,1,DDP,OSS_ORG,AD,,,2040,,,,,,1.0,,,,,,,,,,,,,,,,
207,1,DDP,OSS_ORG,AD,,,2041,,,,,,1.0,,,,,,,,,,,,,,,,
207,1,DDP,OSS_ORG,AD,,,2042,,,,,,1.0,,,,,,,,,,,,,,,,
207,1,DDP,OSS_ORG,AD,,,2043,,,,,,1.0,,,,,,,,,,,,,,,,
207,1,DDP,OSS_ORG,AD,,,2044,,,,,,1.0,,,,,,,,,,,,,,,,
207,1,DDP,OSS_ORG,AD,,,2045,,,,,,1.0,,,,,,,,,,,,,,,,
207,1,DDP,OSS_ORG,AD,,,2046,,,,,,1.0,,,,,,,,,,,,,,,,
207,1,DDP,OSS_ORG,AD,,,2047,,,,,,1.0,,,,,,,,,,,,,,,,
207,1,DDP,OSS_ORG,AD,,,2048,,,,,,1.0,,,,,,,,,,,,,,,,
207,1,DDP,OSS_ORG,AD,,,2049,,,,,,1.0,,,,,,,,,,,,,,,,
207,1,DDP,OSS_ORG,AD,,,2050,,,,,,1.0,,,,,,,,,,,,,,,,
207,1,DDP,OSS_ORG,AD,,,2051,,,,,,1.0,,,,,,,,,,,,,,,,
207,1,DDP,OSS_ORG,AD,,,2052,,,,,,1.0,,,,,,,,,,,,,,,,
207,1,DDP,OSS_ORG,AD,,,2053,,,,,,1.0,,,,,,,,,,,,,,,,
207,1,DDP,OSS_ORG,AD,,,2054,,,,,,1.0,,,,,,,,,,,,,,,,
207,1,DDP,OSS_ORG,AD,,,2055,,,,,,1.0,,,,,,,,,,,,,,,,
207,1,DDP,OSS_ORG,AD,,,2056,,,,,,1.0,,,,,,,,,,,,,,,,
207,1,DDP,OSS_ORG,AD,,,2057,,,,,,1.0,,,,,,,,,,,,,,,,
207,1,DDP,OSS_ORG,AD,,,2058,,,,,,1.0,,,,,,,,,,,,,,,,
207,1,DDP,OSS_ORG,AD,,,2059,,,,,,1.0,,,,,,,,,,,,,,,,
207,1,DDP,OSS_ORG,AD,,,2060,,,,,,1.0,,,,,,,,,,,,,,,,
207,1,DDP,OSS_ORG,AD,,,2061,,,,,,1.0,,,,,,,,,,,,,,,,
207,1,DDP,OSS_ORG,AD,,,2062,,,,,,1.0,,,,,,,,,,,,,,,,
207,1,DDP,OSS_ORG,AD,,,2063,,,,,,1.0,,,,,,,,,,,,,,,,
207,1,DDP,OSS_ORG,AD,,,2064,,,,,,1.0,,,,,,,,,,,,,,,,
207,1,DDP,OSS_ORG,AD,,,2065,,,,,,1.0,,,,,,,,,,,,,,,,
207,1,DDP,OSS_ORG,AD,,,2066,,,,,,1.0,,,,,,,,,,,,,,,,
207,1,DDP,OSS_ORG,AD,,,2067,,,,,,1.0,,,,,,,,,,,,,,,,
207,1,DDP,OSS_ORG,AD,,,2068,,,,,,1.0,,,,,,,,,,,,,,,,
207,1,DDP,OSS_ORG,AD,,,2069,,,,,,1.0,,,,,,,,,,,,,,,,
207,1,DDP,OSS_ORG,AD,,,2070,,,,,,1.0,,,,,,,,,,,,,,,,
207,1,DDP,OSS_ORG,COMPOST,,,2018,,,,,,1.0,,,,,,,,,,,,,,,,
207,1,DDP,OSS_ORG,COMPOST,,,2019,,,,,,1.0,,,,,,,,,,,,,,,,
207,1,DDP,OSS_ORG,COMPOST,,,2020,,,,,,1.0,,,,,,,,,,,,,,,,
207,1,DDP,OSS_ORG,COMPOST,,,2021,,,,,,1.0,,,,,,,,,,,,,,,,
207,1,DDP,OSS_ORG,COMPOST,,,2022,,,,,,1.0,,,,,,,,,,,,,,,,
207,1,DDP,OSS_ORG,COMPOST,,,2023,,,,,,1.0,,,,,,,,,,,,,,,,
207,1,DDP,OSS_ORG,COMPOST,,,2024,,,,,,1.0,,,,,,,,,,,,,,,,
207,1,DDP,OSS_ORG,COMPOST,,,2025,,,,,,1.0,,,,,,,,,,,,,,,,
207,1,DDP,OSS_ORG,COMPOST,,,2026,,,,,,1.0,,,,,,,,,,,,,,,,
207,1,DDP,OSS_ORG,COMPOST,,,2027,,,,,,1.0,,,,,,,,,,,,,,,,
207,1,DDP,OSS_ORG,COMPOST,,,2028,,,,,,1.0,,,,,,,,,,,,,,,,
207,1,DDP,OSS_ORG,COMPOST,,,2029,,,,,,1.0,,,,,,,,,,,,,,,,
207,1,DDP,OSS_ORG,COMPOST,,,2030,,,,,,1.0,,,,,,,,,,,,,,,,
207,1,DDP,OSS_ORG,COMPOST,,,2031,,,,,,1.0,,,,,,,,,,,,,,,,
207,1,DDP,OSS_ORG,COMPOST,,,2032,,,,,,1.0,,,,,,,,,,,,,,,,
207,1,DDP,OSS_ORG,COMPOST,,,2033,,,,,,1.0,,,,,,,,,,,,,,,,
207,1,DDP,OSS_ORG,COMPOST,,,2034,,,,,,1.0,,,,,,,,,,,,,,,,
207,1,DDP,OSS_ORG,COMPOST,,,2035,,,,,,1.0,,,,,,,,,,,,,,,,
207,1,DDP,OSS_ORG,COMPOST,,,2036,,,,,,1.0,,,,,,,,,,,,,,,,
207,1,DDP,OSS_ORG,COMPOST,,,2037,,,,,,1.0,,,,,,,,,,,,,,,,
207,1,DDP,OSS_ORG,COMPOST,,,2038,,,,,,1.0,,,,,,,,,,,,,,,,
207,1,DDP,OSS_ORG,COMPOST,,,2039,,,,,,1.0,,,,,,,,,,,,,,,,
207,1,DDP,OSS_ORG,COMPOST,,,2040,,,,,,1.0,,,,,,,,,,,,,,,,
207,1,DDP,OSS_ORG,COMPOST,,,2041,,,,,,1.0,,,,,,,,,,,,,,,,
207,1,DDP,OSS_ORG,COMPOST,,,2042,,,,,,1.0,,,,,,,,,,,,,,,,
207,1,DDP,OSS_ORG,COMPOST,,,2043,,,,,,1.0,,,,,,,,,,,,,,,,
207,1,DDP,OSS_ORG,COMPOST,,,2044,,,,,,1.0,,,,,,,,,,,,,,,,
207,1,DDP,OSS_ORG,COMPOST,,,2045,,,,,,1.0,,,,,,,,,,,,,,,,
207,1,DDP,OSS_ORG,COMPOST,,,2046,,,,,,1.0,,,,,,,,,,,,,,,,
207,1,DDP,OSS_ORG,COMPOST,,,2047,,,,,,1.0,,,,,,,,,,,,,,,,
207,1,DDP,OSS_ORG,COMPOST,,,2048,,,,,,1.0,,,,,,,,,,,,,,,,
207,1,DDP,OSS_ORG,COMPOST,,,2049,,,,,,1.0,,,,,,,,,,,,,,,,
207,1,DDP,OSS_ORG,COMPOST,,,2050,,,,,,1.0,,,,,,,,,,,,,,,,
207,1,DDP,OSS_ORG,COMPOST,,,2051,,,,,,1.0,,,,,,,,,,,,,,,,
207,1,DDP,OSS_ORG,COMPOST,,,2052,,,,,,1.0,,,,,,,,,,,,,,,,
207,1,DDP,OSS_ORG,COMPOST,,,2053,,,,,,1.0,,,,,,,,,,,,,,,,
207,1,DDP,OSS_ORG,COMPOST,,,2054,,,,,,1.0,,,,,,,,,,,,,,,,
207,1,DDP,OSS_ORG,COMPOST,,,2055,,,,,,1.0,,,,,,,,,,,,,,,,
207,1,DDP,OSS_ORG,COMPOST,,,2056,,,,,,1.0,,,,,,,,,,,,,,,,
207,1,DDP,OSS_ORG,COMPOST,,,2057,,,,,,1.0,,,,,,,,,,,,,,,,
207,1,DDP,OSS_ORG,COMPOST,,,2058,,,,,,1.0,,,,,,,,,,,,,,,,
207,1,DDP,OSS_ORG,COMPOST,,,2059,,,,,,1.0,,,,,,,,,,,,,,,,
207,1,DDP,OSS_ORG,COMPOST,,,2060,,,,,,1.0,,,,,,,,,,,,,,,,
207,1,DDP,OSS_ORG,COMPOST,,,2061,,,,,,1.0,,,,,,,,,,,,,,,,
207,1,DDP,OSS_ORG,COMPOST,,,2062,,,,,,1.0,,,,,,,,,,,,,,,,
207,1,DDP,OSS_ORG,COMPOST,,,2063,,,,,,1.0,,,,,,,,,,,,,,,,
207,1,DDP,OSS_ORG,COMPOST,,,2064,,,,,,1.0,,,,,,,,,,,,,,,,
207,1,DDP,OSS_ORG,COMPOST,,,2065,,,,,,1.0,,,,,,,,,,,,,,,,
207,1,DDP,OSS_ORG,COMPOST,,,2066,,,,,,1.0,,,,,,,,,,,,,,,,
207,1,DDP,OSS_ORG,COMPOST,,,2067,,,,,,1.0,,,,,,,,,,,,,,,,
207,1,DDP,OSS_ORG,COMPOST,,,2068,,,,,,1.0,,,,,,,,,,,,,,,,
207,1,DDP,OSS_ORG,COMPOST,,,2069,,,,,,1.0,,,,,,,,,,,,,,,,
207,1,DDP,OSS_ORG,COMPOST,,,2070,,,,,,1.0,,,,,,,,,,,,,,,,
207,1,DDP,NO_OSS,LANDFILL,,,2018,,,,,,1.0,,,,,,,,,,,,,,,,
207,1,DDP,NO_OSS,LANDFILL,,,2019,,,,,,1.0,,,,,,,,,,,,,,,,
207,1,DDP,NO_OSS,LANDFILL,,,2020,,,,,,1.0,,,,,,,,,,,,,,,,
207,1,DDP,NO_OSS,LANDFILL,,,2021,,,,,,1.0,,,,,,,,,,,,,,,,
207,1,DDP,NO_OSS,LANDFILL,,,2022,,,,,,1.0,,,,,,,,,,,,,,,,
207,1,DDP,NO_OSS,LANDFILL,,,2023,,,,,,1.0,,,,,,,,,,,,,,,,
207,1,DDP,NO_OSS,LANDFILL,,,2024,,,,,,1.0,,,,,,,,,,,,,,,,
207,1,DDP,NO_OSS,LANDFILL,,,2025,,,,,,1.0,,,,,,,,,,,,,,,,
207,1,DDP,NO_OSS,LANDFILL,,,2026,,,,,,1.0,,,,,,,,,,,,,,,,
207,1,DDP,NO_OSS,LANDFILL,,,2027,,,,,,1.0,,,,,,,,,,,,,,,,
207,1,DDP,NO_OSS,LANDFILL,,,2028,,,,,,1.0,,,,,,,,,,,,,,,,
207,1,DDP,NO_OSS,LANDFILL,,,2029,,,,,,1.0,,,,,,,,,,,,,,,,
207,1,DDP,NO_OSS,LANDFILL,,,2030,,,,,,1.0,,,,,,,,,,,,,,,,
207,1,DDP,NO_OSS,LANDFILL,,,2031,,,,,,1.0,,,,,,,,,,,,,,,,
207,1,DDP,NO_OSS,LANDFILL,,,2032,,,,,,1.0,,,,,,,,,,,,,,,,
207,1,DDP,NO_OSS,LANDFILL,,,2033,,,,,,1.0,,,,,,,,,,,,,,,,
207,1,DDP,NO_OSS,LANDFILL,,,2034,,,,,,1.0,,,,,,,,,,,,,,,,
207,1,DDP,NO_OSS,LANDFILL,,,2035,,,,,,1.0,,,,,,,,,,,,,,,,
207,1,DDP,NO_OSS,LANDFILL,,,2036,,,,,,1.0,,,,,,,,,,,,,,,,
207,1,DDP,NO_OSS,LANDFILL,,,2037,,,,,,1.0,,,,,,,,,,,,,,,,
207,1,DDP,NO_OSS,LANDFILL,,,2038,,,,,,1.0,,,,,,,,,,,,,,,,
207,1,DDP,NO_OSS,LANDFILL,,,2039,,,,,,1.0,,,,,,,,,,,,,,,,
207,1,DDP,NO_OSS,LANDFILL,,,2040,,,,,,1.0,,,,,,,,,,,,,,,,
207,1,DDP,NO_OSS,LANDFILL,,,2041,,,,,,1.0,,,,,,,,,,,,,,,,
207,1,DDP,NO_OSS,LANDFILL,,,2042,,,,,,1.0,,,,,,,,,,,,,,,,
207,1,DDP,NO_OSS,LANDFILL,,,2043,,,,,,1.0,,,,,,,,,,,,,,,,
207,1,DDP,NO_OSS,LANDFILL,,,2044,,,,,,1.0,,,,,,,,,,,,,,,,
207,1,DDP,NO_OSS,LANDFILL,,,2045,,,,,,1.0,,,,,,,,,,,,,,,,
207,1,DDP,NO_OSS,LANDFILL,,,2046,,,,,,1.0,,,,,,,,,,,,,,,,
207,1,DDP,NO_OSS,LANDFILL,,,2047,,,,,,1.0,,,,,,,,,,,,,,,,
207,1,DDP,NO_OSS,LANDFILL,,,2048,,,,,,1.0,,,,,,,,,,,,,,,,
207,1,DDP,NO_OSS,LANDFILL,,,2049,,,,,,1.0,,,,,,,,,,,,,,,,
207,1,DDP,NO_OSS,LANDFILL,,,2050,,,,,,1.0,,,,,,,,,,,,,,,,
207,1,DDP,NO_OSS,LANDFILL,,,2051,,,,,,1.0,,,,,,,,,,,,,,,,
207,1,DDP,NO_OSS,LANDFILL,,,2052,,,,,,1.0,,,,,,,,,,,,,,,,
207,1,DDP,NO_OSS,LANDFILL,,,2053,,,,,,1.0,,,,,,,,,,,,,,,,
207,1,DDP,NO_OSS,LANDFILL,,,2054,,,,,,1.0,,,,,,,,,,,,,,,,
207,1,DDP,NO_OSS,LANDFILL,,,2055,,,,,,1.0,,,,,,,,,,,,,,,,
207,1,DDP,NO_OSS,LANDFILL,,,2056,,,,,,1.0,,,,,,,,,,,,,,,,
207,1,DDP,NO_OSS,LANDFILL,,,2057,,,,,,1.0,,,,,,,,,,,,,,,,
207,1,DDP,NO_OSS,LANDFILL,,,2058,,,,,,1.0,,,,,,,,,,,,,,,,
207,1,DDP,NO_OSS,LANDFILL,,,2059,,,,,,1.0,,,,,,,,,,,,,,,,
207,1,DDP,NO_OSS,LANDFILL,,,2060,,,,,,1.0,,,,,,,,,,,,,,,,
207,1,DDP,NO_OSS,LANDFILL,,,2061,,,,,,1.0,,,,,,,,,,,,,,,,
207,1,DDP,NO_OSS,LANDFILL,,,2062,,,,,,1.0,,,,,,,,,,,,,,,,
207,1,DDP,NO_OSS,LANDFILL,,,2063,,,,,,1.0,,,,,,,,,,,,,,,,
207,1,DDP,NO_OSS,LANDFILL,,,2064,,,,,,1.0,,,,,,,,,,,,,,,,
207,1,DDP,NO_OSS,LANDFILL,,,2065,,,,,,1.0,,,,,,,,,,,,,,,,
207,1,DDP,NO_OSS,LANDFILL,,,2066,,,,,,1.0,,,,,,,,,,,,,,,,
207,1,DDP,NO_OSS,LANDFILL,,,2067,,,,,,1.0,,,,,,,,,,,,,,,,
207,1,DDP,NO_OSS,LANDFILL,,,2068,,,,,,1.0,,,,,,,,,,,,,,,,
207,1,DDP,NO_OSS,LANDFILL,,,2069,,,,,,1.0,,,,,,,,,,,,,,,,
207,1,DDP,NO_OSS,LANDFILL,,,2070,,,,,,1.0,,,,,,,,,,,,,,,,
207,1,DDP,NO_OSS,NO_CONTR_OD,,,2018,,,,,,1.0,,,,,,,,,,,,,,,,
207,1,DDP,NO_OSS,NO_CONTR_OD,,,2019,,,,,,1.0,,,,,,,,,,,,,,,,
207,1,DDP,NO_OSS,NO_CONTR_OD,,,2020,,,,,,1.0,,,,,,,,,,,,,,,,
207,1,DDP,NO_OSS,NO_CONTR_OD,,,2021,,,,,,1.0,,,,,,,,,,,,,,,,
207,1,DDP,NO_OSS,NO_CONTR_OD,,,2022,,,,,,1.0,,,,,,,,,,,,,,,,
207,1,DDP,NO_OSS,NO_CONTR_OD,,,2023,,,,,,1.0,,,,,,,,,,,,,,,,
207,1,DDP,NO_OSS,NO_CONTR_OD,,,2024,,,,,,1.0,,,,,,,,,,,,,,,,
207,1,DDP,NO_OSS,NO_CONTR_OD,,,2025,,,,,,1.0,,,,,,,,,,,,,,,,
207,1,DDP,NO_OSS,NO_CONTR_OD,,,2026,,,,,,1.0,,,,,,,,,,,,,,,,
207,1,DDP,NO_OSS,NO_CONTR_OD,,,2027,,,,,,1.0,,,,,,,,,,,,,,,,
207,1,DDP,NO_OSS,NO_CONTR_OD,,,2028,,,,,,1.0,,,,,,,,,,,,,,,,
207,1,DDP,NO_OSS,NO_CONTR_OD,,,2029,,,,,,1.0,,,,,,,,,,,,,,,,
207,1,DDP,NO_OSS,NO_CONTR_OD,,,2030,,,,,,1.0,,,,,,,,,,,,,,,,
207,1,DDP,NO_OSS,NO_CONTR_OD,,,2031,,,,,,1.0,,,,,,,,,,,,,,,,
207,1,DDP,NO_OSS,NO_CONTR_OD,,,2032,,,,,,1.0,,,,,,,,,,,,,,,,
207,1,DDP,NO_OSS,NO_CONTR_OD,,,2033,,,,,,1.0,,,,,,,,,,,,,,,,
207,1,DDP,NO_OSS,NO_CONTR_OD,,,2034,,,,,,1.0,,,,,,,,,,,,,,,,
207,1,DDP,NO_OSS,NO_CONTR_OD,,,2035,,,,,,1.0,,,,,,,,,,,,,,,,
207,1,DDP,NO_OSS,NO_CONTR_OD,,,2036,,,,,,1.0,,,,,,,,,,,,,,,,
207,1,DDP,NO_OSS,NO_CONTR_OD,,,2037,,,,,,1.0,,,,,,,,,,,,,,,,
207,1,DDP,NO_OSS,NO_CONTR_OD,,,2038,,,,,,1.0,,,,,,,,,,,,,,,,
207,1,DDP,NO_OSS,NO_CONTR_OD,,,2039,,,,,,1.0,,,,,,,,,,,,,,,,
207,1,DDP,NO_OSS,NO_CONTR_OD,,,2040,,,,,,1.0,,,,,,,,,,,,,,,,
207,1,DDP,NO_OSS,NO_CONTR_OD,,,2041,,,,,,1.0,,,,,,,,,,,,,,,,
207,1,DDP,NO_OSS,NO_CONTR_OD,,,2042,,,,,,1.0,,,,,,,,,,,,,,,,
207,1,DDP,NO_OSS,NO_CONTR_OD,,,2043,,,,,,1.0,,,,,,,,,,,,,,,,
207,1,DDP,NO_OSS,NO_CONTR_OD,,,2044,,,,,,1.0,,,,,,,,,,,,,,,,
207,1,DDP,NO_OSS,NO_CONTR_OD,,,2045,,,,,,1.0,,,,,,,,,,,,,,,,
207,1,DDP,NO_OSS,NO_CONTR_OD,,,2046,,,,,,1.0,,,,,,,,,,,,,,,,
207,1,DDP,NO_OSS,NO_CONTR_OD,,,2047,,,,,,1.0,,,,,,,,,,,,,,,,
207,1,DDP,NO_OSS,NO_CONTR_OD,,,2048,,,,,,1.0,,,,,,,,,,,,,,,,
207,1,DDP,NO_OSS,NO_CONTR_OD,,,2049,,,,,,1.0,,,,,,,,,,,,,,,,
207,1,DDP,NO_OSS,NO_CONTR_OD,,,2050,,,,,,1.0,,,,,,,,,,,,,,,,
207,1,DDP,NO_OSS,NO_CONTR_OD,,,2051,,,,,,1.0,,,,,,,,,,,,,,,,
207,1,DDP,NO_OSS,NO_CONTR_OD,,,2052,,,,,,1.0,,,,,,,,,,,,,,,,
207,1,DDP,NO_OSS,NO_CONTR_OD,,,2053,,,,,,1.0,,,,,,,,,,,,,,,,
207,1,DDP,NO_OSS,NO_CONTR_OD,,,2054,,,,,,1.0,,,,,,,,,,,,,,,,
207,1,DDP,NO_OSS,NO_CONTR_OD,,,2055,,,,,,1.0,,,,,,,,,,,,,,,,
207,1,DDP,NO_OSS,NO_CONTR_OD,,,2056,,,,,,1.0,,,,,,,,,,,,,,,,
207,1,DDP,NO_OSS,NO_CONTR_OD,,,2057,,,,,,1.0,,,,,,,,,,,,,,,,
207,1,DDP,NO_OSS,NO_CONTR_OD,,,2058,,,,,,1.0,,,,,,,,,,,,,,,,
207,1,DDP,NO_OSS,NO_CONTR_OD,,,2059,,,,,,1.0,,,,,,,,,,,,,,,,
207,1,DDP,NO_OSS,NO_CONTR_OD,,,2060,,,,,,1.0,,,,,,,,,,,,,,,,
207,1,DDP,NO_OSS,NO_CONTR_OD,,,2061,,,,,,1.0,,,,,,,,,,,,,,,,
207,1,DDP,NO_OSS,NO_CONTR_OD,,,2062,,,,,,1.0,,,,,,,,,,,,,,,,
207,1,DDP,NO_OSS,NO_CONTR_OD,,,2063,,,,,,1.0,,,,,,,,,,,,,,,,
207,1,DDP,NO_OSS,NO_CONTR_OD,,,2064,,,,,,1.0,,,,,,,,,,,,,,,,
207,1,DDP,NO_OSS,NO_CONTR_OD,,,2065,,,,,,1.0,,,,,,,,,,,,,,,,
207,1,DDP,NO_OSS,NO_CONTR_OD,,,2066,,,,,,1.0,,,,,,,,,,,,,,,,
207,1,DDP,NO_OSS,NO_CONTR_OD,,,2067,,,,,,1.0,,,,,,,,,,,,,,,,
207,1,DDP,NO_OSS,NO_CONTR_OD,,,2068,,,,,,1.0,,,,,,,,,,,,,,,,
207,1,DDP,NO_OSS,NO_CONTR_OD,,,2069,,,,,,1.0,,,,,,,,,,,,,,,,
207,1,DDP,NO_OSS,NO_CONTR_OD,,,2070,,,,,,1.0,,,,,,,,,,,,,,,,
207,1,DDP,WWWOT,WWWOT,,,2018,,,,,,1.0,,,,,,,,,,,,,,,,
207,1,DDP,WWWOT,WWWOT,,,2019,,,,,,1.0,,,,,,,,,,,,,,,,
207,1,DDP,WWWOT,WWWOT,,,2020,,,,,,1.0,,,,,,,,,,,,,,,,
207,1,DDP,WWWOT,WWWOT,,,2021,,,,,,1.0,,,,,,,,,,,,,,,,
207,1,DDP,WWWOT,WWWOT,,,2022,,,,,,1.0,,,,,,,,,,,,,,,,
207,1,DDP,WWWOT,WWWOT,,,2023,,,,,,1.0,,,,,,,,,,,,,,,,
207,1,DDP,WWWOT,WWWOT,,,2024,,,,,,1.0,,,,,,,,,,,,,,,,
207,1,DDP,WWWOT,WWWOT,,,2025,,,,,,1.0,,,,,,,,,,,,,,,,
207,1,DDP,WWWOT,WWWOT,,,2026,,,,,,1.0,,,,,,,,,,,,,,,,
207,1,DDP,WWWOT,WWWOT,,,2027,,,,,,1.0,,,,,,,,,,,,,,,,
207,1,DDP,WWWOT,WWWOT,,,2028,,,,,,1.0,,,,,,,,,,,,,,,,
207,1,DDP,WWWOT,WWWOT,,,2029,,,,,,1.0,,,,,,,,,,,,,,,,
207,1,DDP,WWWOT,WWWOT,,,2030,,,,,,1.0,,,,,,,,,,,,,,,,
207,1,DDP,WWWOT,WWWOT,,,2031,,,,,,1.0,,,,,,,,,,,,,,,,
207,1,DDP,WWWOT,WWWOT,,,2032,,,,,,1.0,,,,,,,,,,,,,,,,
207,1,DDP,WWWOT,WWWOT,,,2033,,,,,,1.0,,,,,,,,,,,,,,,,
207,1,DDP,WWWOT,WWWOT,,,2034,,,,,,1.0,,,,,,,,,,,,,,,,
207,1,DDP,WWWOT,WWWOT,,,2035,,,,,,1.0,,,,,,,,,,,,,,,,
207,1,DDP,WWWOT,WWWOT,,,2036,,,,,,1.0,,,,,,,,,,,,,,,,
207,1,DDP,WWWOT,WWWOT,,,2037,,,,,,1.0,,,,,,,,,,,,,,,,
207,1,DDP,WWWOT,WWWOT,,,2038,,,,,,1.0,,,,,,,,,,,,,,,,
207,1,DDP,WWWOT,WWWOT,,,2039,,,,,,1.0,,,,,,,,,,,,,,,,
207,1,DDP,WWWOT,WWWOT,,,2040,,,,,,1.0,,,,,,,,,,,,,,,,
207,1,DDP,WWWOT,WWWOT,,,2041,,,,,,1.0,,,,,,,,,,,,,,,,
207,1,DDP,WWWOT,WWWOT,,,2042,,,,,,1.0,,,,,,,,,,,,,,,,
207,1,DDP,WWWOT,WWWOT,,,2043,,,,,,1.0,,,,,,,,,,,,,,,,
207,1,DDP,WWWOT,WWWOT,,,2044,,,,,,1.0,,,,,,,,,,,,,,,,
207,1,DDP,WWWOT,WWWOT,,,2045,,,,,,1.0,,,,,,,,,,,,,,,,
207,1,DDP,WWWOT,WWWOT,,,2046,,,,,,1.0,,,,,,,,,,,,,,,,
207,1,DDP,WWWOT,WWWOT,,,2047,,,,,,1.0,,,,,,,,,,,,,,,,
207,1,DDP,WWWOT,WWWOT,,,2048,,,,,,1.0,,,,,,,,,,,,,,,,
207,1,DDP,WWWOT,WWWOT,,,2049,,,,,,1.0,,,,,,,,,,,,,,,,
207,1,DDP,WWWOT,WWWOT,,,2050,,,,,,1.0,,,,,,,,,,,,,,,,
207,1,DDP,WWWOT,WWWOT,,,2051,,,,,,1.0,,,,,,,,,,,,,,,,
207,1,DDP,WWWOT,WWWOT,,,2052,,,,,,1.0,,,,,,,,,,,,,,,,
207,1,DDP,WWWOT,WWWOT,,,2053,,,,,,1.0,,,,,,,,,,,,,,,,
207,1,DDP,WWWOT,WWWOT,,,2054,,,,,,1.0,,,,,,,,,,,,,,,,
207,1,DDP,WWWOT,WWWOT,,,2055,,,,,,1.0,,,,,,,,,,,,,,,,
207,1,DDP,WWWOT,WWWOT,,,2056,,,,,,1.0,,,,,,,,,,,,,,,,
207,1,DDP,WWWOT,WWWOT,,,2057,,,,,,1.0,,,,,,,,,,,,,,,,
207,1,DDP,WWWOT,WWWOT,,,2058,,,,,,1.0,,,,,,,,,,,,,,,,
207,1,DDP,WWWOT,WWWOT,,,2059,,,,,,1.0,,,,,,,,,,,,,,,,
207,1,DDP,WWWOT,WWWOT,,,2060,,,,,,1.0,,,,,,,,,,,,,,,,
207,1,DDP,WWWOT,WWWOT,,,2061,,,,,,1.0,,,,,,,,,,,,,,,,
207,1,DDP,WWWOT,WWWOT,,,2062,,,,,,1.0,,,,,,,,,,,,,,,,
207,1,DDP,WWWOT,WWWOT,,,2063,,,,,,1.0,,,,,,,,,,,,,,,,
207,1,DDP,WWWOT,WWWOT,,,2064,,,,,,1.0,,,,,,,,,,,,,,,,
207,1,DDP,WWWOT,WWWOT,,,2065,,,,,,1.0,,,,,,,,,,,,,,,,
207,1,DDP,WWWOT,WWWOT,,,2066,,,,,,1.0,,,,,,,,,,,,,,,,
207,1,DDP,WWWOT,WWWOT,,,2067,,,,,,1.0,,,,,,,,,,,,,,,,
207,1,DDP,WWWOT,WWWOT,,,2068,,,,,,1.0,,,,,,,,,,,,,,,,
207,1,DDP,WWWOT,WWWOT,,,2069,,,,,,1.0,,,,,,,,,,,,,,,,
207,1,DDP,WWWOT,WWWOT,,,2070,,,,,,1.0,,,,,,,,,,,,,,,,
207,1,DDP,WWWT,WWWT,,,2018,,,,,,1.0,,,,,,,,,,,,,,,,
207,1,DDP,WWWT,WWWT,,,2019,,,,,,1.0,,,,,,,,,,,,,,,,
207,1,DDP,WWWT,WWWT,,,2020,,,,,,1.0,,,,,,,,,,,,,,,,
207,1,DDP,WWWT,WWWT,,,2021,,,,,,1.0,,,,,,,,,,,,,,,,
207,1,DDP,WWWT,WWWT,,,2022,,,,,,1.0,,,,,,,,,,,,,,,,
207,1,DDP,WWWT,WWWT,,,2023,,,,,,1.0,,,,,,,,,,,,,,,,
207,1,DDP,WWWT,WWWT,,,2024,,,,,,1.0,,,,,,,,,,,,,,,,
207,1,DDP,WWWT,WWWT,,,2025,,,,,,1.0,,,,,,,,,,,,,,,,
207,1,DDP,WWWT,WWWT,,,2026,,,,,,1.0,,,,,,,,,,,,,,,,
207,1,DDP,WWWT,WWWT,,,2027,,,,,,1.0,,,,,,,,,,,,,,,,
207,1,DDP,WWWT,WWWT,,,2028,,,,,,1.0,,,,,,,,,,,,,,,,
207,1,DDP,WWWT,WWWT,,,2029,,,,,,1.0,,,,,,,,,,,,,,,,
207,1,DDP,WWWT,WWWT,,,2030,,,,,,1.0,,,,,,,,,,,,,,,,
207,1,DDP,WWWT,WWWT,,,2031,,,,,,1.0,,,,,,,,,,,,,,,,
207,1,DDP,WWWT,WWWT,,,2032,,,,,,1.0,,,,,,,,,,,,,,,,
207,1,DDP,WWWT,WWWT,,,2033,,,,,,1.0,,,,,,,,,,,,,,,,
207,1,DDP,WWWT,WWWT,,,2034,,,,,,1.0,,,,,,,,,,,,,,,,
207,1,DDP,WWWT,WWWT,,,2035,,,,,,1.0,,,,,,,,,,,,,,,,
207,1,DDP,WWWT,WWWT,,,2036,,,,,,1.0,,,,,,,,,,,,,,,,
207,1,DDP,WWWT,WWWT,,,2037,,,,,,1.0,,,,,,,,,,,,,,,,
207,1,DDP,WWWT,WWWT,,,2038,,,,,,1.0,,,,,,,,,,,,,,,,
207,1,DDP,WWWT,WWWT,,,2039,,,,,,1.0,,,,,,,,,,,,,,,,
207,1,DDP,WWWT,WWWT,,,2040,,,,,,1.0,,,,,,,,,,,,,,,,
207,1,DDP,WWWT,WWWT,,,2041,,,,,,1.0,,,,,,,,,,,,,,,,
207,1,DDP,WWWT,WWWT,,,2042,,,,,,1.0,,,,,,,,,,,,,,,,
207,1,DDP,WWWT,WWWT,,,2043,,,,,,1.0,,,,,,,,,,,,,,,,
207,1,DDP,WWWT,WWWT,,,2044,,,,,,1.0,,,,,,,,,,,,,,,,
207,1,DDP,WWWT,WWWT,,,2045,,,,,,1.0,,,,,,,,,,,,,,,,
207,1,DDP,WWWT,WWWT,,,2046,,,,,,1.0,,,,,,,,,,,,,,,,
207,1,DDP,WWWT,WWWT,,,2047,,,,,,1.0,,,,,,,,,,,,,,,,
207,1,DDP,WWWT,WWWT,,,2048,,,,,,1.0,,,,,,,,,,,,,,,,
207,1,DDP,WWWT,WWWT,,,2049,,,,,,1.0,,,,,,,,,,,,,,,,
207,1,DDP,WWWT,WWWT,,,2050,,,,,,1.0,,,,,,,,,,,,,,,,
207,1,DDP,WWWT,WWWT,,,2051,,,,,,1.0,,,,,,,,,,,,,,,,
207,1,DDP,WWWT,WWWT,,,2052,,,,,,1.0,,,,,,,,,,,,,,,,
207,1,DDP,WWWT,WWWT,,,2053,,,,,,1.0,,,,,,,,,,,,,,,,
207,1,DDP,WWWT,WWWT,,,2054,,,,,,1.0,,,,,,,,,,,,,,,,
207,1,DDP,WWWT,WWWT,,,2055,,,,,,1.0,,,,,,,,,,,,,,,,
207,1,DDP,WWWT,WWWT,,,2056,,,,,,1.0,,,,,,,,,,,,,,,,
207,1,DDP,WWWT,WWWT,,,2057,,,,,,1.0,,,,,,,,,,,,,,,,
207,1,DDP,WWWT,WWWT,,,2058,,,,,,1.0,,,,,,,,,,,,,,,,
207,1,DDP,WWWT,WWWT,,,2059,,,,,,1.0,,,,,,,,,,,,,,,,
207,1,DDP,WWWT,WWWT,,,2060,,,,,,1.0,,,,,,,,,,,,,,,,
207,1,DDP,WWWT,WWWT,,,2061,,,,,,1.0,,,,,,,,,,,,,,,,
207,1,DDP,WWWT,WWWT,,,2062,,,,,,1.0,,,,,,,,,,,,,,,,
207,1,DDP,WWWT,WWWT,,,2063,,,,,,1.0,,,,,,,,,,,,,,,,
207,1,DDP,WWWT,WWWT,,,2064,,,,,,1.0,,,,,,,,,,,,,,,,
207,1,DDP,WWWT,WWWT,,,2065,,,,,,1.0,,,,,,,,,,,,,,,,
207,1,DDP,WWWT,WWWT,,,2066,,,,,,1.0,,,,,,,,,,,,,,,,
207,1,DDP,WWWT,WWWT,,,2067,,,,,,1.0,,,,,,,,,,,,,,,,
207,1,DDP,WWWT,WWWT,,,2068,,,,,,1.0,,,,,,,,,,,,,,,,
207,1,DDP,WWWT,WWWT,,,2069,,,,,,1.0,,,,,,,,,,,,,,,,
207,1,DDP,WWWT,WWWT,,,2070,,,,,,1.0,,,,,,,,,,,,,,,,
207,1,DDP,WFIRU,WFIRU,,,2018,,,,,,1.0,,,,,,,,,,,,,,,,
207,1,DDP,WFIRU,WFIRU,,,2019,,,,,,1.0,,,,,,,,,,,,,,,,
207,1,DDP,WFIRU,WFIRU,,,2020,,,,,,1.0,,,,,,,,,,,,,,,,
207,1,DDP,WFIRU,WFIRU,,,2021,,,,,,1.0,,,,,,,,,,,,,,,,
207,1,DDP,WFIRU,WFIRU,,,2022,,,,,,1.0,,,,,,,,,,,,,,,,
207,1,DDP,WFIRU,WFIRU,,,2023,,,,,,1.0,,,,,,,,,,,,,,,,
207,1,DDP,WFIRU,WFIRU,,,2024,,,,,,1.0,,,,,,,,,,,,,,,,
207,1,DDP,WFIRU,WFIRU,,,2025,,,,,,1.0,,,,,,,,,,,,,,,,
207,1,DDP,WFIRU,WFIRU,,,2026,,,,,,1.0,,,,,,,,,,,,,,,,
207,1,DDP,WFIRU,WFIRU,,,2027,,,,,,1.0,,,,,,,,,,,,,,,,
207,1,DDP,WFIRU,WFIRU,,,2028,,,,,,1.0,,,,,,,,,,,,,,,,
207,1,DDP,WFIRU,WFIRU,,,2029,,,,,,1.0,,,,,,,,,,,,,,,,
207,1,DDP,WFIRU,WFIRU,,,2030,,,,,,1.0,,,,,,,,,,,,,,,,
207,1,DDP,WFIRU,WFIRU,,,2031,,,,,,1.0,,,,,,,,,,,,,,,,
207,1,DDP,WFIRU,WFIRU,,,2032,,,,,,1.0,,,,,,,,,,,,,,,,
207,1,DDP,WFIRU,WFIRU,,,2033,,,,,,1.0,,,,,,,,,,,,,,,,
207,1,DDP,WFIRU,WFIRU,,,2034,,,,,,1.0,,,,,,,,,,,,,,,,
207,1,DDP,WFIRU,WFIRU,,,2035,,,,,,1.0,,,,,,,,,,,,,,,,
207,1,DDP,WFIRU,WFIRU,,,2036,,,,,,1.0,,,,,,,,,,,,,,,,
207,1,DDP,WFIRU,WFIRU,,,2037,,,,,,1.0,,,,,,,,,,,,,,,,
207,1,DDP,WFIRU,WFIRU,,,2038,,,,,,1.0,,,,,,,,,,,,,,,,
207,1,DDP,WFIRU,WFIRU,,,2039,,,,,,1.0,,,,,,,,,,,,,,,,
207,1,DDP,WFIRU,WFIRU,,,2040,,,,,,1.0,,,,,,,,,,,,,,,,
207,1,DDP,WFIRU,WFIRU,,,2041,,,,,,1.0,,,,,,,,,,,,,,,,
207,1,DDP,WFIRU,WFIRU,,,2042,,,,,,1.0,,,,,,,,,,,,,,,,
207,1,DDP,WFIRU,WFIRU,,,2043,,,,,,1.0,,,,,,,,,,,,,,,,
207,1,DDP,WFIRU,WFIRU,,,2044,,,,,,1.0,,,,,,,,,,,,,,,,
207,1,DDP,WFIRU,WFIRU,,,2045,,,,,,1.0,,,,,,,,,,,,,,,,
207,1,DDP,WFIRU,WFIRU,,,2046,,,,,,1.0,,,,,,,,,,,,,,,,
207,1,DDP,WFIRU,WFIRU,,,2047,,,,,,1.0,,,,,,,,,,,,,,,,
207,1,DDP,WFIRU,WFIRU,,,2048,,,,,,1.0,,,,,,,,,,,,,,,,
207,1,DDP,WFIRU,WFIRU,,,2049,,,,,,1.0,,,,,,,,,,,,,,,,
207,1,DDP,WFIRU,WFIRU,,,2050,,,,,,1.0,,,,,,,,,,,,,,,,
207,1,DDP,WFIRU,WFIRU,,,2051,,,,,,1.0,,,,,,,,,,,,,,,,
207,1,DDP,WFIRU,WFIRU,,,2052,,,,,,1.0,,,,,,,,,,,,,,,,
207,1,DDP,WFIRU,WFIRU,,,2053,,,,,,1.0,,,,,,,,,,,,,,,,
207,1,DDP,WFIRU,WFIRU,,,2054,,,,,,1.0,,,,,,,,,,,,,,,,
207,1,DDP,WFIRU,WFIRU,,,2055,,,,,,1.0,,,,,,,,,,,,,,,,
207,1,DDP,WFIRU,WFIRU,,,2056,,,,,,1.0,,,,,,,,,,,,,,,,
207,1,DDP,WFIRU,WFIRU,,,2057,,,,,,1.0,,,,,,,,,,,,,,,,
207,1,DDP,WFIRU,WFIRU,,,2058,,,,,,1.0,,,,,,,,,,,,,,,,
207,1,DDP,WFIRU,WFIRU,,,2059,,,,,,1.0,,,,,,,,,,,,,,,,
207,1,DDP,WFIRU,WFIRU,,,2060,,,,,,1.0,,,,,,,,,,,,,,,,
207,1,DDP,WFIRU,WFIRU,,,2061,,,,,,1.0,,,,,,,,,,,,,,,,
207,1,DDP,WFIRU,WFIRU,,,2062,,,,,,1.0,,,,,,,,,,,,,,,,
207,1,DDP,WFIRU,WFIRU,,,2063,,,,,,1.0,,,,,,,,,,,,,,,,
207,1,DDP,WFIRU,WFIRU,,,2064,,,,,,1.0,,,,,,,,,,,,,,,,
207,1,DDP,WFIRU,WFIRU,,,2065,,,,,,1.0,,,,,,,,,,,,,,,,
207,1,DDP,WFIRU,WFIRU,,,2066,,,,,,1.0,,,,,,,,,,,,,,,,
207,1,DDP,WFIRU,WFIRU,,,2067,,,,,,1.0,,,,,,,,,,,,,,,,
207,1,DDP,WFIRU,WFIRU,,,2068,,,,,,1.0,,,,,,,,,,,,,,,,
207,1,DDP,WFIRU,WFIRU,,,2069,,,,,,1.0,,,,,,,,,,,,,,,,
207,1,DDP,WFIRU,WFIRU,,,2070,,,,,,1.0,,,,,,,,,,,,,,,,
207,1,DDP,COLL_INORG,OSS_INORG,,,2018,,,,,,1.0,,,,,,,,,,,,,,,,
207,1,DDP,COLL_INORG,OSS_INORG,,,2019,,,,,,1.0,,,,,,,,,,,,,,,,
207,1,DDP,COLL_INORG,OSS_INORG,,,2020,,,,,,1.0,,,,,,,,,,,,,,,,
207,1,DDP,COLL_INORG,OSS_INORG,,,2021,,,,,,1.0,,,,,,,,,,,,,,,,
207,1,DDP,COLL_INORG,OSS_INORG,,,2022,,,,,,1.0,,,,,,,,,,,,,,,,
207,1,DDP,COLL_INORG,OSS_INORG,,,2023,,,,,,1.0,,,,,,,,,,,,,,,,
207,1,DDP,COLL_INORG,OSS_INORG,,,2024,,,,,,1.0,,,,,,,,,,,,,,,,
207,1,DDP,COLL_INORG,OSS_INORG,,,2025,,,,,,1.0,,,,,,,,,,,,,,,,
207,1,DDP,COLL_INORG,OSS_INORG,,,2026,,,,,,1.0,,,,,,,,,,,,,,,,
207,1,DDP,COLL_INORG,OSS_INORG,,,2027,,,,,,1.0,,,,,,,,,,,,,,,,
207,1,DDP,COLL_INORG,OSS_INORG,,,2028,,,,,,1.0,,,,,,,,,,,,,,,,
207,1,DDP,COLL_INORG,OSS_INORG,,,2029,,,,,,1.0,,,,,,,,,,,,,,,,
207,1,DDP,COLL_INORG,OSS_INORG,,,2030,,,,,,1.0,,,,,,,,,,,,,,,,
207,1,DDP,COLL_INORG,OSS_INORG,,,2031,,,,,,1.0,,,,,,,,,,,,,,,,
207,1,DDP,COLL_INORG,OSS_INORG,,,2032,,,,,,1.0,,,,,,,,,,,,,,,,
207,1,DDP,COLL_INORG,OSS_INORG,,,2033,,,,,,1.0,,,,,,,,,,,,,,,,
207,1,DDP,COLL_INORG,OSS_INORG,,,2034,,,,,,1.0,,,,,,,,,,,,,,,,
207,1,DDP,COLL_INORG,OSS_INORG,,,2035,,,,,,1.0,,,,,,,,,,,,,,,,
207,1,DDP,COLL_INORG,OSS_INORG,,,2036,,,,,,1.0,,,,,,,,,,,,,,,,
207,1,DDP,COLL_INORG,OSS_INORG,,,2037,,,,,,1.0,,,,,,,,,,,,,,,,
207,1,DDP,COLL_INORG,OSS_INORG,,,2038,,,,,,1.0,,,,,,,,,,,,,,,,
207,1,DDP,COLL_INORG,OSS_INORG,,,2039,,,,,,1.0,,,,,,,,,,,,,,,,
207,1,DDP,COLL_INORG,OSS_INORG,,,2040,,,,,,1.0,,,,,,,,,,,,,,,,
207,1,DDP,COLL_INORG,OSS_INORG,,,2041,,,,,,1.0,,,,,,,,,,,,,,,,
207,1,DDP,COLL_INORG,OSS_INORG,,,2042,,,,,,1.0,,,,,,,,,,,,,,,,
207,1,DDP,COLL_INORG,OSS_INORG,,,2043,,,,,,1.0,,,,,,,,,,,,,,,,
207,1,DDP,COLL_INORG,OSS_INORG,,,2044,,,,,,1.0,,,,,,,,,,,,,,,,
207,1,DDP,COLL_INORG,OSS_INORG,,,2045,,,,,,1.0,,,,,,,,,,,,,,,,
207,1,DDP,COLL_INORG,OSS_INORG,,,2046,,,,,,1.0,,,,,,,,,,,,,,,,
207,1,DDP,COLL_INORG,OSS_INORG,,,2047,,,,,,1.0,,,,,,,,,,,,,,,,
207,1,DDP,COLL_INORG,OSS_INORG,,,2048,,,,,,1.0,,,,,,,,,,,,,,,,
207,1,DDP,COLL_INORG,OSS_INORG,,,2049,,,,,,1.0,,,,,,,,,,,,,,,,
207,1,DDP,COLL_INORG,OSS_INORG,,,2050,,,,,,1.0,,,,,,,,,,,,,,,,
207,1,DDP,COLL_INORG,OSS_INORG,,,2051,,,,,,1.0,,,,,,,,,,,,,,,,
207,1,DDP,COLL_INORG,OSS_INORG,,,2052,,,,,,1.0,,,,,,,,,,,,,,,,
207,1,DDP,COLL_INORG,OSS_INORG,,,2053,,,,,,1.0,,,,,,,,,,,,,,,,
207,1,DDP,COLL_INORG,OSS_INORG,,,2054,,,,,,1.0,,,,,,,,,,,,,,,,
207,1,DDP,COLL_INORG,OSS_INORG,,,2055,,,,,,1.0,,,,,,,,,,,,,,,,
207,1,DDP,COLL_INORG,OSS_INORG,,,2056,,,,,,1.0,,,,,,,,,,,,,,,,
207,1,DDP,COLL_INORG,OSS_INORG,,,2057,,,,,,1.0,,,,,,,,,,,,,,,,
207,1,DDP,COLL_INORG,OSS_INORG,,,2058,,,,,,1.0,,,,,,,,,,,,,,,,
207,1,DDP,COLL_INORG,OSS_INORG,,,2059,,,,,,1.0,,,,,,,,,,,,,,,,
207,1,DDP,COLL_INORG,OSS_INORG,,,2060,,,,,,1.0,,,,,,,,,,,,,,,,
207,1,DDP,COLL_INORG,OSS_INORG,,,2061,,,,,,1.0,,,,,,,,,,,,,,,,
207,1,DDP,COLL_INORG,OSS_INORG,,,2062,,,,,,1.0,,,,,,,,,,,,,,,,
207,1,DDP,COLL_INORG,OSS_INORG,,,2063,,,,,,1.0,,,,,,,,,,,,,,,,
207,1,DDP,COLL_INORG,OSS_INORG,,,2064,,,,,,1.0,,,,,,,,,,,,,,,,
207,1,DDP,COLL_INORG,OSS_INORG,,,2065,,,,,,1.0,,,,,,,,,,,,,,,,
207,1,DDP,COLL_INORG,OSS_INORG,,,2066,,,,,,1.0,,,,,,,,,,,,,,,,
207,1,DDP,COLL_INORG,OSS_INORG,,,2067,,,,,,1.0,,,,,,,,,,,,,,,,
207,1,DDP,COLL_INORG,OSS_INORG,,,2068,,,,,,1.0,,,,,,,,,,,,,,,,
207,1,DDP,COLL_INORG,OSS_INORG,,,2069,,,,,,1.0,,,,,,,,,,,,,,,,
207,1,DDP,COLL_INORG,OSS_INORG,,,2070,,,,,,1.0,,,,,,,,,,,,,,,,
207,1,DDP,COLL_ORG,OSS_ORG,,,2018,,,,,,1.0,,,,,,,,,,,,,,,,
207,1,DDP,COLL_ORG,OSS_ORG,,,2019,,,,,,1.0,,,,,,,,,,,,,,,,
207,1,DDP,COLL_ORG,OSS_ORG,,,2020,,,,,,1.0,,,,,,,,,,,,,,,,
207,1,DDP,COLL_ORG,OSS_ORG,,,2021,,,,,,1.0,,,,,,,,,,,,,,,,
207,1,DDP,COLL_ORG,OSS_ORG,,,2022,,,,,,1.0,,,,,,,,,,,,,,,,
207,1,DDP,COLL_ORG,OSS_ORG,,,2023,,,,,,1.0,,,,,,,,,,,,,,,,
207,1,DDP,COLL_ORG,OSS_ORG,,,2024,,,,,,1.0,,,,,,,,,,,,,,,,
207,1,DDP,COLL_ORG,OSS_ORG,,,2025,,,,,,1.0,,,,,,,,,,,,,,,,
207,1,DDP,COLL_ORG,OSS_ORG,,,2026,,,,,,1.0,,,,,,,,,,,,,,,,
207,1,DDP,COLL_ORG,OSS_ORG,,,2027,,,,,,1.0,,,,,,,,,,,,,,,,
207,1,DDP,COLL_ORG,OSS_ORG,,,2028,,,,,,1.0,,,,,,,,,,,,,,,,
207,1,DDP,COLL_ORG,OSS_ORG,,,2029,,,,,,1.0,,,,,,,,,,,,,,,,
207,1,DDP,COLL_ORG,OSS_ORG,,,2030,,,,,,1.0,,,,,,,,,,,,,,,,
207,1,DDP,COLL_ORG,OSS_ORG,,,2031,,,,,,1.0,,,,,,,,,,,,,,,,
207,1,DDP,COLL_ORG,OSS_ORG,,,2032,,,,,,1.0,,,,,,,,,,,,,,,,
207,1,DDP,COLL_ORG,OSS_ORG,,,2033,,,,,,1.0,,,,,,,,,,,,,,,,
207,1,DDP,COLL_ORG,OSS_ORG,,,2034,,,,,,1.0,,,,,,,,,,,,,,,,
207,1,DDP,COLL_ORG,OSS_ORG,,,2035,,,,,,1.0,,,,,,,,,,,,,,,,
207,1,DDP,COLL_ORG,OSS_ORG,,,2036,,,,,,1.0,,,,,,,,,,,,,,,,
207,1,DDP,COLL_ORG,OSS_ORG,,,2037,,,,,,1.0,,,,,,,,,,,,,,,,
207,1,DDP,COLL_ORG,OSS_ORG,,,2038,,,,,,1.0,,,,,,,,,,,,,,,,
207,1,DDP,COLL_ORG,OSS_ORG,,,2039,,,,,,1.0,,,,,,,,,,,,,,,,
207,1,DDP,COLL_ORG,OSS_ORG,,,2040,,,,,,1.0,,,,,,,,,,,,,,,,
207,1,DDP,COLL_ORG,OSS_ORG,,,2041,,,,,,1.0,,,,,,,,,,,,,,,,
207,1,DDP,COLL_ORG,OSS_ORG,,,2042,,,,,,1.0,,,,,,,,,,,,,,,,
207,1,DDP,COLL_ORG,OSS_ORG,,,2043,,,,,,1.0,,,,,,,,,,,,,,,,
207,1,DDP,COLL_ORG,OSS_ORG,,,2044,,,,,,1.0,,,,,,,,,,,,,,,,
207,1,DDP,COLL_ORG,OSS_ORG,,,2045,,,,,,1.0,,,,,,,,,,,,,,,,
207,1,DDP,COLL_ORG,OSS_ORG,,,2046,,,,,,1.0,,,,,,,,,,,,,,,,
207,1,DDP,COLL_ORG,OSS_ORG,,,2047,,,,,,1.0,,,,,,,,,,,,,,,,
207,1,DDP,COLL_ORG,OSS_ORG,,,2048,,,,,,1.0,,,,,,,,,,,,,,,,
207,1,DDP,COLL_ORG,OSS_ORG,,,2049,,,,,,1.0,,,,,,,,,,,,,,,,
207,1,DDP,COLL_ORG,OSS_ORG,,,2050,,,,,,1.0,,,,,,,,,,,,,,,,
207,1,DDP,COLL_ORG,OSS_ORG,,,2051,,,,,,1.0,,,,,,,,,,,,,,,,
207,1,DDP,COLL_ORG,OSS_ORG,,,2052,,,,,,1.0,,,,,,,,,,,,,,,,
207,1,DDP,COLL_ORG,OSS_ORG,,,2053,,,,,,1.0,,,,,,,,,,,,,,,,
207,1,DDP,COLL_ORG,OSS_ORG,,,2054,,,,,,1.0,,,,,,,,,,,,,,,,
207,1,DDP,COLL_ORG,OSS_ORG,,,2055,,,,,,1.0,,,,,,,,,,,,,,,,
207,1,DDP,COLL_ORG,OSS_ORG,,,2056,,,,,,1.0,,,,,,,,,,,,,,,,
207,1,DDP,COLL_ORG,OSS_ORG,,,2057,,,,,,1.0,,,,,,,,,,,,,,,,
207,1,DDP,COLL_ORG,OSS_ORG,,,2058,,,,,,1.0,,,,,,,,,,,,,,,,
207,1,DDP,COLL_ORG,OSS_ORG,,,2059,,,,,,1.0,,,,,,,,,,,,,,,,
207,1,DDP,COLL_ORG,OSS_ORG,,,2060,,,,,,1.0,,,,,,,,,,,,,,,,
207,1,DDP,COLL_ORG,OSS_ORG,,,2061,,,,,,1.0,,,,,,,,,,,,,,,,
207,1,DDP,COLL_ORG,OSS_ORG,,,2062,,,,,,1.0,,,,,,,,,,,,,,,,
207,1,DDP,COLL_ORG,OSS_ORG,,,2063,,,,,,1.0,,,,,,,,,,,,,,,,
207,1,DDP,COLL_ORG,OSS_ORG,,,2064,,,,,,1.0,,,,,,,,,,,,,,,,
207,1,DDP,COLL_ORG,OSS_ORG,,,2065,,,,,,1.0,,,,,,,,,,,,,,,,
207,1,DDP,COLL_ORG,OSS_ORG,,,2066,,,,,,1.0,,,,,,,,,,,,,,,,
207,1,DDP,COLL_ORG,OSS_ORG,,,2067,,,,,,1.0,,,,,,,,,,,,,,,,
207,1,DDP,COLL_ORG,OSS_ORG,,,2068,,,,,,1.0,,,,,,,,,,,,,,,,
207,1,DDP,COLL_ORG,OSS_ORG,,,2069,,,,,,1.0,,,,,,,,,,,,,,,,
207,1,DDP,COLL_ORG,OSS_ORG,,,2070,,,,,,1.0,,,,,,,,,,,,,,,,
207,1,DDP,COLL_BLEND,NO_OSS_BLEND,,,2018,,,,,,1.0,,,,,,,,,,,,,,,,
207,1,DDP,COLL_BLEND,NO_OSS_BLEND,,,2019,,,,,,1.0,,,,,,,,,,,,,,,,
207,1,DDP,COLL_BLEND,NO_OSS_BLEND,,,2020,,,,,,1.0,,,,,,,,,,,,,,,,
207,1,DDP,COLL_BLEND,NO_OSS_BLEND,,,2021,,,,,,1.0,,,,,,,,,,,,,,,,
207,1,DDP,COLL_BLEND,NO_OSS_BLEND,,,2022,,,,,,1.0,,,,,,,,,,,,,,,,
207,1,DDP,COLL_BLEND,NO_OSS_BLEND,,,2023,,,,,,1.0,,,,,,,,,,,,,,,,
207,1,DDP,COLL_BLEND,NO_OSS_BLEND,,,2024,,,,,,1.0,,,,,,,,,,,,,,,,
207,1,DDP,COLL_BLEND,NO_OSS_BLEND,,,2025,,,,,,1.0,,,,,,,,,,,,,,,,
207,1,DDP,COLL_BLEND,NO_OSS_BLEND,,,2026,,,,,,1.0,,,,,,,,,,,,,,,,
207,1,DDP,COLL_BLEND,NO_OSS_BLEND,,,2027,,,,,,1.0,,,,,,,,,,,,,,,,
207,1,DDP,COLL_BLEND,NO_OSS_BLEND,,,2028,,,,,,1.0,,,,,,,,,,,,,,,,
207,1,DDP,COLL_BLEND,NO_OSS_BLEND,,,2029,,,,,,1.0,,,,,,,,,,,,,,,,
207,1,DDP,COLL_BLEND,NO_OSS_BLEND,,,2030,,,,,,1.0,,,,,,,,,,,,,,,,
207,1,DDP,COLL_BLEND,NO_OSS_BLEND,,,2031,,,,,,1.0,,,,,,,,,,,,,,,,
207,1,DDP,COLL_BLEND,NO_OSS_BLEND,,,2032,,,,,,1.0,,,,,,,,,,,,,,,,
207,1,DDP,COLL_BLEND,NO_OSS_BLEND,,,2033,,,,,,1.0,,,,,,,,,,,,,,,,
207,1,DDP,COLL_BLEND,NO_OSS_BLEND,,,2034,,,,,,1.0,,,,,,,,,,,,,,,,
207,1,DDP,COLL_BLEND,NO_OSS_BLEND,,,2035,,,,,,1.0,,,,,,,,,,,,,,,,
207,1,DDP,COLL_BLEND,NO_OSS_BLEND,,,2036,,,,,,1.0,,,,,,,,,,,,,,,,
207,1,DDP,COLL_BLEND,NO_OSS_BLEND,,,2037,,,,,,1.0,,,,,,,,,,,,,,,,
207,1,DDP,COLL_BLEND,NO_OSS_BLEND,,,2038,,,,,,1.0,,,,,,,,,,,,,,,,
207,1,DDP,COLL_BLEND,NO_OSS_BLEND,,,2039,,,,,,1.0,,,,,,,,,,,,,,,,
207,1,DDP,COLL_BLEND,NO_OSS_BLEND,,,2040,,,,,,1.0,,,,,,,,,,,,,,,,
207,1,DDP,COLL_BLEND,NO_OSS_BLEND,,,2041,,,,,,1.0,,,,,,,,,,,,,,,,
207,1,DDP,COLL_BLEND,NO_OSS_BLEND,,,2042,,,,,,1.0,,,,,,,,,,,,,,,,
207,1,DDP,COLL_BLEND,NO_OSS_BLEND,,,2043,,,,,,1.0,,,,,,,,,,,,,,,,
207,1,DDP,COLL_BLEND,NO_OSS_BLEND,,,2044,,,,,,1.0,,,,,,,,,,,,,,,,
207,1,DDP,COLL_BLEND,NO_OSS_BLEND,,,2045,,,,,,1.0,,,,,,,,,,,,,,,,
207,1,DDP,COLL_BLEND,NO_OSS_BLEND,,,2046,,,,,,1.0,,,,,,,,,,,,,,,,
207,1,DDP,COLL_BLEND,NO_OSS_BLEND,,,2047,,,,,,1.0,,,,,,,,,,,,,,,,
207,1,DDP,COLL_BLEND,NO_OSS_BLEND,,,2048,,,,,,1.0,,,,,,,,,,,,,,,,
207,1,DDP,COLL_BLEND,NO_OSS_BLEND,,,2049,,,,,,1.0,,,,,,,,,,,,,,,,
207,1,DDP,COLL_BLEND,NO_OSS_BLEND,,,2050,,,,,,1.0,,,,,,,,,,,,,,,,
207,1,DDP,COLL_BLEND,NO_OSS_BLEND,,,2051,,,,,,1.0,,,,,,,,,,,,,,,,
207,1,DDP,COLL_BLEND,NO_OSS_BLEND,,,2052,,,,,,1.0,,,,,,,,,,,,,,,,
207,1,DDP,COLL_BLEND,NO_OSS_BLEND,,,2053,,,,,,1.0,,,,,,,,,,,,,,,,
207,1,DDP,COLL_BLEND,NO_OSS_BLEND,,,2054,,,,,,1.0,,,,,,,,,,,,,,,,
207,1,DDP,COLL_BLEND,NO_OSS_BLEND,,,2055,,,,,,1.0,,,,,,,,,,,,,,,,
207,1,DDP,COLL_BLEND,NO_OSS_BLEND,,,2056,,,,,,1.0,,,,,,,,,,,,,,,,
207,1,DDP,COLL_BLEND,NO_OSS_BLEND,,,2057,,,,,,1.0,,,,,,,,,,,,,,,,
207,1,DDP,COLL_BLEND,NO_OSS_BLEND,,,2058,,,,,,1.0,,,,,,,,,,,,,,,,
207,1,DDP,COLL_BLEND,NO_OSS_BLEND,,,2059,,,,,,1.0,,,,,,,,,,,,,,,,
207,1,DDP,COLL_BLEND,NO_OSS_BLEND,,,2060,,,,,,1.0,,,,,,,,,,,,,,,,
207,1,DDP,COLL_BLEND,NO_OSS_BLEND,,,2061,,,,,,1.0,,,,,,,,,,,,,,,,
207,1,DDP,COLL_BLEND,NO_OSS_BLEND,,,2062,,,,,,1.0,,,,,,,,,,,,,,,,
207,1,DDP,COLL_BLEND,NO_OSS_BLEND,,,2063,,,,,,1.0,,,,,,,,,,,,,,,,
207,1,DDP,COLL_BLEND,NO_OSS_BLEND,,,2064,,,,,,1.0,,,,,,,,,,,,,,,,
207,1,DDP,COLL_BLEND,NO_OSS_BLEND,,,2065,,,,,,1.0,,,,,,,,,,,,,,,,
207,1,DDP,COLL_BLEND,NO_OSS_BLEND,,,2066,,,,,,1.0,,,,,,,,,,,,,,,,
207,1,DDP,COLL_BLEND,NO_OSS_BLEND,,,2067,,,,,,1.0,,,,,,,,,,,,,,,,
207,1,DDP,COLL_BLEND,NO_OSS_BLEND,,,2068,,,,,,1.0,,,,,,,,,,,,,,,,
207,1,DDP,COLL_BLEND,NO_OSS_BLEND,,,2069,,,,,,1.0,,,,,,,,,,,,,,,,
207,1,DDP,COLL_BLEND,NO_OSS_BLEND,,,2070,,,,,,1.0,,,,,,,,,,,,,,,,
207,1,DDP,INORGSS,INORG_DCOLL,,,2018,,,,,,1.0,,,,,,,,,,,,,,,,
207,1,DDP,INORGSS,INORG_DCOLL,,,2019,,,,,,1.0,,,,,,,,,,,,,,,,
207,1,DDP,INORGSS,INORG_DCOLL,,,2020,,,,,,1.0,,,,,,,,,,,,,,,,
207,1,DDP,INORGSS,INORG_DCOLL,,,2021,,,,,,1.0,,,,,,,,,,,,,,,,
207,1,DDP,INORGSS,INORG_DCOLL,,,2022,,,,,,1.0,,,,,,,,,,,,,,,,
207,1,DDP,INORGSS,INORG_DCOLL,,,2023,,,,,,1.0,,,,,,,,,,,,,,,,
207,1,DDP,INORGSS,INORG_DCOLL,,,2024,,,,,,1.0,,,,,,,,,,,,,,,,
207,1,DDP,INORGSS,INORG_DCOLL,,,2025,,,,,,1.0,,,,,,,,,,,,,,,,
207,1,DDP,INORGSS,INORG_DCOLL,,,2026,,,,,,1.0,,,,,,,,,,,,,,,,
207,1,DDP,INORGSS,INORG_DCOLL,,,2027,,,,,,1.0,,,,,,,,,,,,,,,,
207,1,DDP,INORGSS,INORG_DCOLL,,,2028,,,,,,1.0,,,,,,,,,,,,,,,,
207,1,DDP,INORGSS,INORG_DCOLL,,,2029,,,,,,1.0,,,,,,,,,,,,,,,,
207,1,DDP,INORGSS,INORG_DCOLL,,,2030,,,,,,1.0,,,,,,,,,,,,,,,,
207,1,DDP,INORGSS,INORG_DCOLL,,,2031,,,,,,1.0,,,,,,,,,,,,,,,,
207,1,DDP,INORGSS,INORG_DCOLL,,,2032,,,,,,1.0,,,,,,,,,,,,,,,,
207,1,DDP,INORGSS,INORG_DCOLL,,,2033,,,,,,1.0,,,,,,,,,,,,,,,,
207,1,DDP,INORGSS,INORG_DCOLL,,,2034,,,,,,1.0,,,,,,,,,,,,,,,,
207,1,DDP,INORGSS,INORG_DCOLL,,,2035,,,,,,1.0,,,,,,,,,,,,,,,,
207,1,DDP,INORGSS,INORG_DCOLL,,,2036,,,,,,1.0,,,,,,,,,,,,,,,,
207,1,DDP,INORGSS,INORG_DCOLL,,,2037,,,,,,1.0,,,,,,,,,,,,,,,,
207,1,DDP,INORGSS,INORG_DCOLL,,,2038,,,,,,1.0,,,,,,,,,,,,,,,,
207,1,DDP,INORGSS,INORG_DCOLL,,,2039,,,,,,1.0,,,,,,,,,,,,,,,,
207,1,DDP,INORGSS,INORG_DCOLL,,,2040,,,,,,1.0,,,,,,,,,,,,,,,,
207,1,DDP,INORGSS,INORG_DCOLL,,,2041,,,,,,1.0,,,,,,,,,,,,,,,,
207,1,DDP,INORGSS,INORG_DCOLL,,,2042,,,,,,1.0,,,,,,,,,,,,,,,,
207,1,DDP,INORGSS,INORG_DCOLL,,,2043,,,,,,1.0,,,,,,,,,,,,,,,,
207,1,DDP,INORGSS,INORG_DCOLL,,,2044,,,,,,1.0,,,,,,,,,,,,,,,,
207,1,DDP,INORGSS,INORG_DCOLL,,,2045,,,,,,1.0,,,,,,,,,,,,,,,,
207,1,DDP,INORGSS,INORG_DCOLL,,,2046,,,,,,1.0,,,,,,,,,,,,,,,,
207,1,DDP,INORGSS,INORG_DCOLL,,,2047,,,,,,1.0,,,,,,,,,,,,,,,,
207,1,DDP,INORGSS,INORG_DCOLL,,,2048,,,,,,1.0,,,,,,,,,,,,,,,,
207,1,DDP,INORGSS,INORG_DCOLL,,,2049,,,,,,1.0,,,,,,,,,,,,,,,,
207,1,DDP,INORGSS,INORG_DCOLL,,,2050,,,,,,1.0,,,,,,,,,,,,,,,,
207,1,DDP,INORGSS,INORG_DCOLL,,,2051,,,,,,1.0,,,,,,,,,,,,,,,,
207,1,DDP,INORGSS,INORG_DCOLL,,,2052,,,,,,1.0,,,,,,,,,,,,,,,,
207,1,DDP,INORGSS,INORG_DCOLL,,,2053,,,,,,1.0,,,,,,,,,,,,,,,,
207,1,DDP,INORGSS,INORG_DCOLL,,,2054,,,,,,1.0,,,,,,,,,,,,,,,,
207,1,DDP,INORGSS,INORG_DCOLL,,,2055,,,,,,1.0,,,,,,,,,,,,,,,,
207,1,DDP,INORGSS,INORG_DCOLL,,,2056,,,,,,1.0,,,,,,,,,,,,,,,,
207,1,DDP,INORGSS,INORG_DCOLL,,,2057,,,,,,1.0,,,,,,,,,,,,,,,,
207,1,DDP,INORGSS,INORG_DCOLL,,,2058,,,,,,1.0,,,,,,,,,,,,,,,,
207,1,DDP,INORGSS,INORG_DCOLL,,,2059,,,,,,1.0,,,,,,,,,,,,,,,,
207,1,DDP,INORGSS,INORG_DCOLL,,,2060,,,,,,1.0,,,,,,,,,,,,,,,,
207,1,DDP,INORGSS,INORG_DCOLL,,,2061,,,,,,1.0,,,,,,,,,,,,,,,,
207,1,DDP,INORGSS,INORG_DCOLL,,,2062,,,,,,1.0,,,,,,,,,,,,,,,,
207,1,DDP,INORGSS,INORG_DCOLL,,,2063,,,,,,1.0,,,,,,,,,,,,,,,,
207,1,DDP,INORGSS,INORG_DCOLL,,,2064,,,,,,1.0,,,,,,,,,,,,,,,,
207,1,DDP,INORGSS,INORG_DCOLL,,,2065,,,,,,1.0,,,,,,,,,,,,,,,,
207,1,DDP,INORGSS,INORG_DCOLL,,,2066,,,,,,1.0,,,,,,,,,,,,,,,,
207,1,DDP,INORGSS,INORG_DCOLL,,,2067,,,,,,1.0,,,,,,,,,,,,,,,,
207,1,DDP,INORGSS,INORG_DCOLL,,,2068,,,,,,1.0,,,,,,,,,,,,,,,,
207,1,DDP,INORGSS,INORG_DCOLL,,,2069,,,,,,1.0,,,,,,,,,,,,,,,,
207,1,DDP,INORGSS,INORG_DCOLL,,,2070,,,,,,1.0,,,,,,,,,,,,,,,,
207,1,DDP,ORGSS,ORG_DCOLL,,,2018,,,,,,1.0,,,,,,,,,,,,,,,,
207,1,DDP,ORGSS,ORG_DCOLL,,,2019,,,,,,1.0,,,,,,,,,,,,,,,,
207,1,DDP,ORGSS,ORG_DCOLL,,,2020,,,,,,1.0,,,,,,,,,,,,,,,,
207,1,DDP,ORGSS,ORG_DCOLL,,,2021,,,,,,1.0,,,,,,,,,,,,,,,,
207,1,DDP,ORGSS,ORG_DCOLL,,,2022,,,,,,1.0,,,,,,,,,,,,,,,,
207,1,DDP,ORGSS,ORG_DCOLL,,,2023,,,,,,1.0,,,,,,,,,,,,,,,,
207,1,DDP,ORGSS,ORG_DCOLL,,,2024,,,,,,1.0,,,,,,,,,,,,,,,,
207,1,DDP,ORGSS,ORG_DCOLL,,,2025,,,,,,1.0,,,,,,,,,,,,,,,,
207,1,DDP,ORGSS,ORG_DCOLL,,,2026,,,,,,1.0,,,,,,,,,,,,,,,,
207,1,DDP,ORGSS,ORG_DCOLL,,,2027,,,,,,1.0,,,,,,,,,,,,,,,,
207,1,DDP,ORGSS,ORG_DCOLL,,,2028,,,,,,1.0,,,,,,,,,,,,,,,,
207,1,DDP,ORGSS,ORG_DCOLL,,,2029,,,,,,1.0,,,,,,,,,,,,,,,,
207,1,DDP,ORGSS,ORG_DCOLL,,,2030,,,,,,1.0,,,,,,,,,,,,,,,,
207,1,DDP,ORGSS,ORG_DCOLL,,,2031,,,,,,1.0,,,,,,,,,,,,,,,,
207,1,DDP,ORGSS,ORG_DCOLL,,,2032,,,,,,1.0,,,,,,,,,,,,,,,,
207,1,DDP,ORGSS,ORG_DCOLL,,,2033,,,,,,1.0,,,,,,,,,,,,,,,,
207,1,DDP,ORGSS,ORG_DCOLL,,,2034,,,,,,1.0,,,,,,,,,,,,,,,,
207,1,DDP,ORGSS,ORG_DCOLL,,,2035,,,,,,1.0,,,,,,,,,,,,,,,,
207,1,DDP,ORGSS,ORG_DCOLL,,,2036,,,,,,1.0,,,,,,,,,,,,,,,,
207,1,DDP,ORGSS,ORG_DCOLL,,,2037,,,,,,1.0,,,,,,,,,,,,,,,,
207,1,DDP,ORGSS,ORG_DCOLL,,,2038,,,,,,1.0,,,,,,,,,,,,,,,,
207,1,DDP,ORGSS,ORG_DCOLL,,,2039,,,,,,1.0,,,,,,,,,,,,,,,,
207,1,DDP,ORGSS,ORG_DCOLL,,,2040,,,,,,1.0,,,,,,,,,,,,,,,,
207,1,DDP,ORGSS,ORG_DCOLL,,,2041,,,,,,1.0,,,,,,,,,,,,,,,,
207,1,DDP,ORGSS,ORG_DCOLL,,,2042,,,,,,1.0,,,,,,,,,,,,,,,,
207,1,DDP,ORGSS,ORG_DCOLL,,,2043,,,,,,1.0,,,,,,,,,,,,,,,,
207,1,DDP,ORGSS,ORG_DCOLL,,,2044,,,,,,1.0,,,,,,,,,,,,,,,,
207,1,DDP,ORGSS,ORG_DCOLL,,,2045,,,,,,1.0,,,,,,,,,,,,,,,,
207,1,DDP,ORGSS,ORG_DCOLL,,,2046,,,,,,1.0,,,,,,,,,,,,,,,,
207,1,DDP,ORGSS,ORG_DCOLL,,,2047,,,,,,1.0,,,,,,,,,,,,,,,,
207,1,DDP,ORGSS,ORG_DCOLL,,,2048,,,,,,1.0,,,,,,,,,,,,,,,,
207,1,DDP,ORGSS,ORG_DCOLL,,,2049,,,,,,1.0,,,,,,,,,,,,,,,,
207,1,DDP,ORGSS,ORG_DCOLL,,,2050,,,,,,1.0,,,,,,,,,,,,,,,,
207,1,DDP,ORGSS,ORG_DCOLL,,,2051,,,,,,1.0,,,,,,,,,,,,,,,,
207,1,DDP,ORGSS,ORG_DCOLL,,,2052,,,,,,1.0,,,,,,,,,,,,,,,,
207,1,DDP,ORGSS,ORG_DCOLL,,,2053,,,,,,1.0,,,,,,,,,,,,,,,,
207,1,DDP,ORGSS,ORG_DCOLL,,,2054,,,,,,1.0,,,,,,,,,,,,,,,,
207,1,DDP,ORGSS,ORG_DCOLL,,,2055,,,,,,1.0,,,,,,,,,,,,,,,,
207,1,DDP,ORGSS,ORG_DCOLL,,,2056,,,,,,1.0,,,,,,,,,,,,,,,,
207,1,DDP,ORGSS,ORG_DCOLL,,,2057,,,,,,1.0,,,,,,,,,,,,,,,,
207,1,DDP,ORGSS,ORG_DCOLL,,,2058,,,,,,1.0,,,,,,,,,,,,,,,,
207,1,DDP,ORGSS,ORG_DCOLL,,,2059,,,,,,1.0,,,,,,,,,,,,,,,,
207,1,DDP,ORGSS,ORG_DCOLL,,,2060,,,,,,1.0,,,,,,,,,,,,,,,,
207,1,DDP,ORGSS,ORG_DCOLL,,,2061,,,,,,1.0,,,,,,,,,,,,,,,,
207,1,DDP,ORGSS,ORG_DCOLL,,,2062,,,,,,1.0,,,,,,,,,,,,,,,,
207,1,DDP,ORGSS,ORG_DCOLL,,,2063,,,,,,1.0,,,,,,,,,,,,,,,,
207,1,DDP,ORGSS,ORG_DCOLL,,,2064,,,,,,1.0,,,,,,,,,,,,,,,,
207,1,DDP,ORGSS,ORG_DCOLL,,,2065,,,,,,1.0,,,,,,,,,,,,,,,,
207,1,DDP,ORGSS,ORG_DCOLL,,,2066,,,,,,1.0,,,,,,,,,,,,,,,,
207,1,DDP,ORGSS,ORG_DCOLL,,,2067,,,,,,1.0,,,,,,,,,,,,,,,,
207,1,DDP,ORGSS,ORG_DCOLL,,,2068,,,,,,1.0,,,,,,,,,,,,,,,,
207,1,DDP,ORGSS,ORG_DCOLL,,,2069,,,,,,1.0,,,,,,,,,,,,,,,,
207,1,DDP,ORGSS,ORG_DCOLL,,,2070,,,,,,1.0,,,,,,,,,,,,,,,,
207,1,DDP,NOSS,BLEND_NO_DCOLL,,,2018,,,,,,1.0,,,,,,,,,,,,,,,,
207,1,DDP,NOSS,BLEND_NO_DCOLL,,,2019,,,,,,1.0,,,,,,,,,,,,,,,,
207,1,DDP,NOSS,BLEND_NO_DCOLL,,,2020,,,,,,1.0,,,,,,,,,,,,,,,,
207,1,DDP,NOSS,BLEND_NO_DCOLL,,,2021,,,,,,1.0,,,,,,,,,,,,,,,,
207,1,DDP,NOSS,BLEND_NO_DCOLL,,,2022,,,,,,1.0,,,,,,,,,,,,,,,,
207,1,DDP,NOSS,BLEND_NO_DCOLL,,,2023,,,,,,1.0,,,,,,,,,,,,,,,,
207,1,DDP,NOSS,BLEND_NO_DCOLL,,,2024,,,,,,1.0,,,,,,,,,,,,,,,,
207,1,DDP,NOSS,BLEND_NO_DCOLL,,,2025,,,,,,1.0,,,,,,,,,,,,,,,,
207,1,DDP,NOSS,BLEND_NO_DCOLL,,,2026,,,,,,1.0,,,,,,,,,,,,,,,,
207,1,DDP,NOSS,BLEND_NO_DCOLL,,,2027,,,,,,1.0,,,,,,,,,,,,,,,,
207,1,DDP,NOSS,BLEND_NO_DCOLL,,,2028,,,,,,1.0,,,,,,,,,,,,,,,,
207,1,DDP,NOSS,BLEND_NO_DCOLL,,,2029,,,,,,1.0,,,,,,,,,,,,,,,,
207,1,DDP,NOSS,BLEND_NO_DCOLL,,,2030,,,,,,1.0,,,,,,,,,,,,,,,,
207,1,DDP,NOSS,BLEND_NO_DCOLL,,,2031,,,,,,1.0,,,,,,,,,,,,,,,,
207,1,DDP,NOSS,BLEND_NO_DCOLL,,,2032,,,,,,1.0,,,,,,,,,,,,,,,,
207,1,DDP,NOSS,BLEND_NO_DCOLL,,,2033,,,,,,1.0,,,,,,,,,,,,,,,,
207,1,DDP,NOSS,BLEND_NO_DCOLL,,,2034,,,,,,1.0,,,,,,,,,,,,,,,,
207,1,DDP,NOSS,BLEND_NO_DCOLL,,,2035,,,,,,1.0,,,,,,,,,,,,,,,,
207,1,DDP,NOSS,BLEND_NO_DCOLL,,,2036,,,,,,1.0,,,,,,,,,,,,,,,,
207,1,DDP,NOSS,BLEND_NO_DCOLL,,,2037,,,,,,1.0,,,,,,,,,,,,,,,,
207,1,DDP,NOSS,BLEND_NO_DCOLL,,,2038,,,,,,1.0,,,,,,,,,,,,,,,,
207,1,DDP,NOSS,BLEND_NO_DCOLL,,,2039,,,,,,1.0,,,,,,,,,,,,,,,,
207,1,DDP,NOSS,BLEND_NO_DCOLL,,,2040,,,,,,1.0,,,,,,,,,,,,,,,,
207,1,DDP,NOSS,BLEND_NO_DCOLL,,,2041,,,,,,1.0,,,,,,,,,,,,,,,,
207,1,DDP,NOSS,BLEND_NO_DCOLL,,,2042,,,,,,1.0,,,,,,,,,,,,,,,,
207,1,DDP,NOSS,BLEND_NO_DCOLL,,,2043,,,,,,1.0,,,,,,,,,,,,,,,,
207,1,DDP,NOSS,BLEND_NO_DCOLL,,,2044,,,,,,1.0,,,,,,,,,,,,,,,,
207,1,DDP,NOSS,BLEND_NO_DCOLL,,,2045,,,,,,1.0,,,,,,,,,,,,,,,,
207,1,DDP,NOSS,BLEND_NO_DCOLL,,,2046,,,,,,1.0,,,,,,,,,,,,,,,,
207,1,DDP,NOSS,BLEND_NO_DCOLL,,,2047,,,,,,1.0,,,,,,,,,,,,,,,,
207,1,DDP,NOSS,BLEND_NO_DCOLL,,,2048,,,,,,1.0,,,,,,,,,,,,,,,,
207,1,DDP,NOSS,BLEND_NO_DCOLL,,,2049,,,,,,1.0,,,,,,,,,,,,,,,,
207,1,DDP,NOSS,BLEND_NO_DCOLL,,,2050,,,,,,1.0,,,,,,,,,,,,,,,,
207,1,DDP,NOSS,BLEND_NO_DCOLL,,,2051,,,,,,1.0,,,,,,,,,,,,,,,,
207,1,DDP,NOSS,BLEND_NO_DCOLL,,,2052,,,,,,1.0,,,,,,,,,,,,,,,,
207,1,DDP,NOSS,BLEND_NO_DCOLL,,,2053,,,,,,1.0,,,,,,,,,,,,,,,,
207,1,DDP,NOSS,BLEND_NO_DCOLL,,,2054,,,,,,1.0,,,,,,,,,,,,,,,,
207,1,DDP,NOSS,BLEND_NO_DCOLL,,,2055,,,,,,1.0,,,,,,,,,,,,,,,,
207,1,DDP,NOSS,BLEND_NO_DCOLL,,,2056,,,,,,1.0,,,,,,,,,,,,,,,,
207,1,DDP,NOSS,BLEND_NO_DCOLL,,,2057,,,,,,1.0,,,,,,,,,,,,,,,,
207,1,DDP,NOSS,BLEND_NO_DCOLL,,,2058,,,,,,1.0,,,,,,,,,,,,,,,,
207,1,DDP,NOSS,BLEND_NO_DCOLL,,,2059,,,,,,1.0,,,,,,,,,,,,,,,,
207,1,DDP,NOSS,BLEND_NO_DCOLL,,,2060,,,,,,1.0,,,,,,,,,,,,,,,,
207,1,DDP,NOSS,BLEND_NO_DCOLL,,,2061,,,,,,1.0,,,,,,,,,,,,,,,,
207,1,DDP,NOSS,BLEND_NO_DCOLL,,,2062,,,,,,1.0,,,,,,,,,,,,,,,,
207,1,DDP,NOSS,BLEND_NO_DCOLL,,,2063,,,,,,1.0,,,,,,,,,,,,,,,,
207,1,DDP,NOSS,BLEND_NO_DCOLL,,,2064,,,,,,1.0,,,,,,,,,,,,,,,,
207,1,DDP,NOSS,BLEND_NO_DCOLL,,,2065,,,,,,1.0,,,,,,,,,,,,,,,,
207,1,DDP,NOSS,BLEND_NO_DCOLL,,,2066,,,,,,1.0,,,,,,,,,,,,,,,,
207,1,DDP,NOSS,BLEND_NO_DCOLL,,,2067,,,,,,1.0,,,,,,,,,,,,,,,,
207,1,DDP,NOSS,BLEND_NO_DCOLL,,,2068,,,,,,1.0,,,,,,,,,,,,,,,,
207,1,DDP,NOSS,BLEND_NO_DCOLL,,,2069,,,,,,1.0,,,,,,,,,,,,,,,,
207,1,DDP,NOSS,BLEND_NO_DCOLL,,,2070,,,,,,1.0,,,,,,,,,,,,,,,,
207,1,DDP,TSW,INORG_SS,,,2018,,,,,,1.0,,,,,,,,,,,,,,,,
207,1,DDP,TSW,INORG_SS,,,2019,,,,,,1.0,,,,,,,,,,,,,,,,
207,1,DDP,TSW,INORG_SS,,,2020,,,,,,1.0,,,,,,,,,,,,,,,,
207,1,DDP,TSW,INORG_SS,,,2021,,,,,,1.0,,,,,,,,,,,,,,,,
207,1,DDP,TSW,INORG_SS,,,2022,,,,,,1.0,,,,,,,,,,,,,,,,
207,1,DDP,TSW,INORG_SS,,,2023,,,,,,1.0,,,,,,,,,,,,,,,,
207,1,DDP,TSW,INORG_SS,,,2024,,,,,,1.0,,,,,,,,,,,,,,,,
207,1,DDP,TSW,INORG_SS,,,2025,,,,,,1.0,,,,,,,,,,,,,,,,
207,1,DDP,TSW,INORG_SS,,,2026,,,,,,1.0,,,,,,,,,,,,,,,,
207,1,DDP,TSW,INORG_SS,,,2027,,,,,,1.0,,,,,,,,,,,,,,,,
207,1,DDP,TSW,INORG_SS,,,2028,,,,,,1.0,,,,,,,,,,,,,,,,
207,1,DDP,TSW,INORG_SS,,,2029,,,,,,1.0,,,,,,,,,,,,,,,,
207,1,DDP,TSW,INORG_SS,,,2030,,,,,,1.0,,,,,,,,,,,,,,,,
207,1,DDP,TSW,INORG_SS,,,2031,,,,,,1.0,,,,,,,,,,,,,,,,
207,1,DDP,TSW,INORG_SS,,,2032,,,,,,1.0,,,,,,,,,,,,,,,,
207,1,DDP,TSW,INORG_SS,,,2033,,,,,,1.0,,,,,,,,,,,,,,,,
207,1,DDP,TSW,INORG_SS,,,2034,,,,,,1.0,,,,,,,,,,,,,,,,
207,1,DDP,TSW,INORG_SS,,,2035,,,,,,1.0,,,,,,,,,,,,,,,,
207,1,DDP,TSW,INORG_SS,,,2036,,,,,,1.0,,,,,,,,,,,,,,,,
207,1,DDP,TSW,INORG_SS,,,2037,,,,,,1.0,,,,,,,,,,,,,,,,
207,1,DDP,TSW,INORG_SS,,,2038,,,,,,1.0,,,,,,,,,,,,,,,,
207,1,DDP,TSW,INORG_SS,,,2039,,,,,,1.0,,,,,,,,,,,,,,,,
207,1,DDP,TSW,INORG_SS,,,2040,,,,,,1.0,,,,,,,,,,,,,,,,
207,1,DDP,TSW,INORG_SS,,,2041,,,,,,1.0,,,,,,,,,,,,,,,,
207,1,DDP,TSW,INORG_SS,,,2042,,,,,,1.0,,,,,,,,,,,,,,,,
207,1,DDP,TSW,INORG_SS,,,2043,,,,,,1.0,,,,,,,,,,,,,,,,
207,1,DDP,TSW,INORG_SS,,,2044,,,,,,1.0,,,,,,,,,,,,,,,,
207,1,DDP,TSW,INORG_SS,,,2045,,,,,,1.0,,,,,,,,,,,,,,,,
207,1,DDP,TSW,INORG_SS,,,2046,,,,,,1.0,,,,,,,,,,,,,,,,
207,1,DDP,TSW,INORG_SS,,,2047,,,,,,1.0,,,,,,,,,,,,,,,,
207,1,DDP,TSW,INORG_SS,,,2048,,,,,,1.0,,,,,,,,,,,,,,,,
207,1,DDP,TSW,INORG_SS,,,2049,,,,,,1.0,,,,,,,,,,,,,,,,
207,1,DDP,TSW,INORG_SS,,,2050,,,,,,1.0,,,,,,,,,,,,,,,,
207,1,DDP,TSW,INORG_SS,,,2051,,,,,,1.0,,,,,,,,,,,,,,,,
207,1,DDP,TSW,INORG_SS,,,2052,,,,,,1.0,,,,,,,,,,,,,,,,
207,1,DDP,TSW,INORG_SS,,,2053,,,,,,1.0,,,,,,,,,,,,,,,,
207,1,DDP,TSW,INORG_SS,,,2054,,,,,,1.0,,,,,,,,,,,,,,,,
207,1,DDP,TSW,INORG_SS,,,2055,,,,,,1.0,,,,,,,,,,,,,,,,
207,1,DDP,TSW,INORG_SS,,,2056,,,,,,1.0,,,,,,,,,,,,,,,,
207,1,DDP,TSW,INORG_SS,,,2057,,,,,,1.0,,,,,,,,,,,,,,,,
207,1,DDP,TSW,INORG_SS,,,2058,,,,,,1.0,,,,,,,,,,,,,,,,
207,1,DDP,TSW,INORG_SS,,,2059,,,,,,1.0,,,,,,,,,,,,,,,,
207,1,DDP,TSW,INORG_SS,,,2060,,,,,,1.0,,,,,,,,,,,,,,,,
207,1,DDP,TSW,INORG_SS,,,2061,,,,,,1.0,,,,,,,,,,,,,,,,
207,1,DDP,TSW,INORG_SS,,,2062,,,,,,1.0,,,,,,,,,,,,,,,,
207,1,DDP,TSW,INORG_SS,,,2063,,,,,,1.0,,,,,,,,,,,,,,,,
207,1,DDP,TSW,INORG_SS,,,2064,,,,,,1.0,,,,,,,,,,,,,,,,
207,1,DDP,TSW,INORG_SS,,,2065,,,,,,1.0,,,,,,,,,,,,,,,,
207,1,DDP,TSW,INORG_SS,,,2066,,,,,,1.0,,,,,,,,,,,,,,,,
207,1,DDP,TSW,INORG_SS,,,2067,,,,,,1.0,,,,,,,,,,,,,,,,
207,1,DDP,TSW,INORG_SS,,,2068,,,,,,1.0,,,,,,,,,,,,,,,,
207,1,DDP,TSW,INORG_SS,,,2069,,,,,,1.0,,,,,,,,,,,,,,,,
207,1,DDP,TSW,INORG_SS,,,2070,,,,,,1.0,,,,,,,,,,,,,,,,
207,1,DDP,TSW,ORG_SS,,,2018,,,,,,1.0,,,,,,,,,,,,,,,,
207,1,DDP,TSW,ORG_SS,,,2019,,,,,,1.0,,,,,,,,,,,,,,,,
207,1,DDP,TSW,ORG_SS,,,2020,,,,,,1.0,,,,,,,,,,,,,,,,
207,1,DDP,TSW,ORG_SS,,,2021,,,,,,1.0,,,,,,,,,,,,,,,,
207,1,DDP,TSW,ORG_SS,,,2022,,,,,,1.0,,,,,,,,,,,,,,,,
207,1,DDP,TSW,ORG_SS,,,2023,,,,,,1.0,,,,,,,,,,,,,,,,
207,1,DDP,TSW,ORG_SS,,,2024,,,,,,1.0,,,,,,,,,,,,,,,,
207,1,DDP,TSW,ORG_SS,,,2025,,,,,,1.0,,,,,,,,,,,,,,,,
207,1,DDP,TSW,ORG_SS,,,2026,,,,,,1.0,,,,,,,,,,,,,,,,
207,1,DDP,TSW,ORG_SS,,,2027,,,,,,1.0,,,,,,,,,,,,,,,,
207,1,DDP,TSW,ORG_SS,,,2028,,,,,,1.0,,,,,,,,,,,,,,,,
207,1,DDP,TSW,ORG_SS,,,2029,,,,,,1.0,,,,,,,,,,,,,,,,
207,1,DDP,TSW,ORG_SS,,,2030,,,,,,1.0,,,,,,,,,,,,,,,,
207,1,DDP,TSW,ORG_SS,,,2031,,,,,,1.0,,,,,,,,,,,,,,,,
207,1,DDP,TSW,ORG_SS,,,2032,,,,,,1.0,,,,,,,,,,,,,,,,
207,1,DDP,TSW,ORG_SS,,,2033,,,,,,1.0,,,,,,,,,,,,,,,,
207,1,DDP,TSW,ORG_SS,,,2034,,,,,,1.0,,,,,,,,,,,,,,,,
207,1,DDP,TSW,ORG_SS,,,2035,,,,,,1.0,,,,,,,,,,,,,,,,
207,1,DDP,TSW,ORG_SS,,,2036,,,,,,1.0,,,,,,,,,,,,,,,,
207,1,DDP,TSW,ORG_SS,,,2037,,,,,,1.0,,,,,,,,,,,,,,,,
207,1,DDP,TSW,ORG_SS,,,2038,,,,,,1.0,,,,,,,,,,,,,,,,
207,1,DDP,TSW,ORG_SS,,,2039,,,,,,1.0,,,,,,,,,,,,,,,,
207,1,DDP,TSW,ORG_SS,,,2040,,,,,,1.0,,,,,,,,,,,,,,,,
207,1,DDP,TSW,ORG_SS,,,2041,,,,,,1.0,,,,,,,,,,,,,,,,
207,1,DDP,TSW,ORG_SS,,,2042,,,,,,1.0,,,,,,,,,,,,,,,,
207,1,DDP,TSW,ORG_SS,,,2043,,,,,,1.0,,,,,,,,,,,,,,,,
207,1,DDP,TSW,ORG_SS,,,2044,,,,,,1.0,,,,,,,,,,,,,,,,
207,1,DDP,TSW,ORG_SS,,,2045,,,,,,1.0,,,,,,,,,,,,,,,,
207,1,DDP,TSW,ORG_SS,,,2046,,,,,,1.0,,,,,,,,,,,,,,,,
207,1,DDP,TSW,ORG_SS,,,2047,,,,,,1.0,,,,,,,,,,,,,,,,
207,1,DDP,TSW,ORG_SS,,,2048,,,,,,1.0,,,,,,,,,,,,,,,,
207,1,DDP,TSW,ORG_SS,,,2049,,,,,,1.0,,,,,,,,,,,,,,,,
207,1,DDP,TSW,ORG_SS,,,2050,,,,,,1.0,,,,,,,,,,,,,,,,
207,1,DDP,TSW,ORG_SS,,,2051,,,,,,1.0,,,,,,,,,,,,,,,,
207,1,DDP,TSW,ORG_SS,,,2052,,,,,,1.0,,,,,,,,,,,,,,,,
207,1,DDP,TSW,ORG_SS,,,2053,,,,,,1.0,,,,,,,,,,,,,,,,
207,1,DDP,TSW,ORG_SS,,,2054,,,,,,1.0,,,,,,,,,,,,,,,,
207,1,DDP,TSW,ORG_SS,,,2055,,,,,,1.0,,,,,,,,,,,,,,,,
207,1,DDP,TSW,ORG_SS,,,2056,,,,,,1.0,,,,,,,,,,,,,,,,
207,1,DDP,TSW,ORG_SS,,,2057,,,,,,1.0,,,,,,,,,,,,,,,,
207,1,DDP,TSW,ORG_SS,,,2058,,,,,,1.0,,,,,,,,,,,,,,,,
207,1,DDP,TSW,ORG_SS,,,2059,,,,,,1.0,,,,,,,,,,,,,,,,
207,1,DDP,TSW,ORG_SS,,,2060,,,,,,1.0,,,,,,,,,,,,,,,,
207,1,DDP,TSW,ORG_SS,,,2061,,,,,,1.0,,,,,,,,,,,,,,,,
207,1,DDP,TSW,ORG_SS,,,2062,,,,,,1.0,,,,,,,,,,,,,,,,
207,1,DDP,TSW,ORG_SS,,,2063,,,,,,1.0,,,,,,,,,,,,,,,,
207,1,DDP,TSW,ORG_SS,,,2064,,,,,,1.0,,,,,,,,,,,,,,,,
207,1,DDP,TSW,ORG_SS,,,2065,,,,,,1.0,,,,,,,,,,,,,,,,
207,1,DDP,TSW,ORG_SS,,,2066,,,,,,1.0,,,,,,,,,,,,,,,,
207,1,DDP,TSW,ORG_SS,,,2067,,,,,,1.0,,,,,,,,,,,,,,,,
207,1,DDP,TSW,ORG_SS,,,2068,,,,,,1.0,,,,,,,,,,,,,,,,
207,1,DDP,TSW,ORG_SS,,,2069,,,,,,1.0,,,,,,,,,,,,,,,,
207,1,DDP,TSW,ORG_SS,,,2070,,,,,,1.0,,,,,,,,,,,,,,,,
207,1,DDP,TSW,NO_SS,,,2018,,,,,,1.0,,,,,,,,,,,,,,,,
207,1,DDP,TSW,NO_SS,,,2019,,,,,,1.0,,,,,,,,,,,,,,,,
207,1,DDP,TSW,NO_SS,,,2020,,,,,,1.0,,,,,,,,,,,,,,,,
207,1,DDP,TSW,NO_SS,,,2021,,,,,,1.0,,,,,,,,,,,,,,,,
207,1,DDP,TSW,NO_SS,,,2022,,,,,,1.0,,,,,,,,,,,,,,,,
207,1,DDP,TSW,NO_SS,,,2023,,,,,,1.0,,,,,,,,,,,,,,,,
207,1,DDP,TSW,NO_SS,,,2024,,,,,,1.0,,,,,,,,,,,,,,,,
207,1,DDP,TSW,NO_SS,,,2025,,,,,,1.0,,,,,,,,,,,,,,,,
207,1,DDP,TSW,NO_SS,,,2026,,,,,,1.0,,,,,,,,,,,,,,,,
207,1,DDP,TSW,NO_SS,,,2027,,,,,,1.0,,,,,,,,,,,,,,,,
207,1,DDP,TSW,NO_SS,,,2028,,,,,,1.0,,,,,,,,,,,,,,,,
207,1,DDP,TSW,NO_SS,,,2029,,,,,,1.0,,,,,,,,,,,,,,,,
207,1,DDP,TSW,NO_SS,,,2030,,,,,,1.0,,,,,,,,,,,,,,,,
207,1,DDP,TSW,NO_SS,,,2031,,,,,,1.0,,,,,,,,,,,,,,,,
207,1,DDP,TSW,NO_SS,,,2032,,,,,,1.0,,,,,,,,,,,,,,,,
207,1,DDP,TSW,NO_SS,,,2033,,,,,,1.0,,,,,,,,,,,,,,,,
207,1,DDP,TSW,NO_SS,,,2034,,,,,,1.0,,,,,,,,,,,,,,,,
207,1,DDP,TSW,NO_SS,,,2035,,,,,,1.0,,,,,,,,,,,,,,,,
207,1,DDP,TSW,NO_SS,,,2036,,,,,,1.0,,,,,,,,,,,,,,,,
207,1,DDP,TSW,NO_SS,,,2037,,,,,,1.0,,,,,,,,,,,,,,,,
207,1,DDP,TSW,NO_SS,,,2038,,,,,,1.0,,,,,,,,,,,,,,,,
207,1,DDP,TSW,NO_SS,,,2039,,,,,,1.0,,,,,,,,,,,,,,,,
207,1,DDP,TSW,NO_SS,,,2040,,,,,,1.0,,,,,,,,,,,,,,,,
207,1,DDP,TSW,NO_SS,,,2041,,,,,,1.0,,,,,,,,,,,,,,,,
207,1,DDP,TSW,NO_SS,,,2042,,,,,,1.0,,,,,,,,,,,,,,,,
207,1,DDP,TSW,NO_SS,,,2043,,,,,,1.0,,,,,,,,,,,,,,,,
207,1,DDP,TSW,NO_SS,,,2044,,,,,,1.0,,,,,,,,,,,,,,,,
207,1,DDP,TSW,NO_SS,,,2045,,,,,,1.0,,,,,,,,,,,,,,,,
207,1,DDP,TSW,NO_SS,,,2046,,,,,,1.0,,,,,,,,,,,,,,,,
207,1,DDP,TSW,NO_SS,,,2047,,,,,,1.0,,,,,,,,,,,,,,,,
207,1,DDP,TSW,NO_SS,,,2048,,,,,,1.0,,,,,,,,,,,,,,,,
207,1,DDP,TSW,NO_SS,,,2049,,,,,,1.0,,,,,,,,,,,,,,,,
207,1,DDP,TSW,NO_SS,,,2050,,,,,,1.0,,,,,,,,,,,,,,,,
207,1,DDP,TSW,NO_SS,,,2051,,,,,,1.0,,,,,,,,,,,,,,,,
207,1,DDP,TSW,NO_SS,,,2052,,,,,,1.0,,,,,,,,,,,,,,,,
207,1,DDP,TSW,NO_SS,,,2053,,,,,,1.0,,,,,,,,,,,,,,,,
207,1,DDP,TSW,NO_SS,,,2054,,,,,,1.0,,,,,,,,,,,,,,,,
207,1,DDP,TSW,NO_SS,,,2055,,,,,,1.0,,,,,,,,,,,,,,,,
207,1,DDP,TSW,NO_SS,,,2056,,,,,,1.0,,,,,,,,,,,,,,,,
207,1,DDP,TSW,NO_SS,,,2057,,,,,,1.0,,,,,,,,,,,,,,,,
207,1,DDP,TSW,NO_SS,,,2058,,,,,,1.0,,,,,,,,,,,,,,,,
207,1,DDP,TSW,NO_SS,,,2059,,,,,,1.0,,,,,,,,,,,,,,,,
207,1,DDP,TSW,NO_SS,,,2060,,,,,,1.0,,,,,,,,,,,,,,,,
207,1,DDP,TSW,NO_SS,,,2061,,,,,,1.0,,,,,,,,,,,,,,,,
207,1,DDP,TSW,NO_SS,,,2062,,,,,,1.0,,,,,,,,,,,,,,,,
207,1,DDP,TSW,NO_SS,,,2063,,,,,,1.0,,,,,,,,,,,,,,,,
207,1,DDP,TSW,NO_SS,,,2064,,,,,,1.0,,,,,,,,,,,,,,,,
207,1,DDP,TSW,NO_SS,,,2065,,,,,,1.0,,,,,,,,,,,,,,,,
207,1,DDP,TSW,NO_SS,,,2066,,,,,,1.0,,,,,,,,,,,,,,,,
207,1,DDP,TSW,NO_SS,,,2067,,,,,,1.0,,,,,,,,,,,,,,,,
207,1,DDP,TSW,NO_SS,,,2068,,,,,,1.0,,,,,,,,,,,,,,,,
207,1,DDP,TSW,NO_SS,,,2069,,,,,,1.0,,,,,,,,,,,,,,,,
207,1,DDP,TSW,NO_SS,,,2070,,,,,,1.0,,,,,,,,,,,,,,,,
207,1,DDP,SEWERWW,SEWERWWWOT,,,2018,,,,,,1.0,,,,,,,,,,,,,,,,
207,1,DDP,SEWERWW,SEWERWWWOT,,,2019,,,,,,1.0,,,,,,,,,,,,,,,,
207,1,DDP,SEWERWW,SEWERWWWOT,,,2020,,,,,,1.0,,,,,,,,,,,,,,,,
207,1,DDP,SEWERWW,SEWERWWWOT,,,2021,,,,,,1.0,,,,,,,,,,,,,,,,
207,1,DDP,SEWERWW,SEWERWWWOT,,,2022,,,,,,1.0,,,,,,,,,,,,,,,,
207,1,DDP,SEWERWW,SEWERWWWOT,,,2023,,,,,,1.0,,,,,,,,,,,,,,,,
207,1,DDP,SEWERWW,SEWERWWWOT,,,2024,,,,,,1.0,,,,,,,,,,,,,,,,
207,1,DDP,SEWERWW,SEWERWWWOT,,,2025,,,,,,1.0,,,,,,,,,,,,,,,,
207,1,DDP,SEWERWW,SEWERWWWOT,,,2026,,,,,,1.0,,,,,,,,,,,,,,,,
207,1,DDP,SEWERWW,SEWERWWWOT,,,2027,,,,,,1.0,,,,,,,,,,,,,,,,
207,1,DDP,SEWERWW,SEWERWWWOT,,,2028,,,,,,1.0,,,,,,,,,,,,,,,,
207,1,DDP,SEWERWW,SEWERWWWOT,,,2029,,,,,,1.0,,,,,,,,,,,,,,,,
207,1,DDP,SEWERWW,SEWERWWWOT,,,2030,,,,,,1.0,,,,,,,,,,,,,,,,
207,1,DDP,SEWERWW,SEWERWWWOT,,,2031,,,,,,1.0,,,,,,,,,,,,,,,,
207,1,DDP,SEWERWW,SEWERWWWOT,,,2032,,,,,,1.0,,,,,,,,,,,,,,,,
207,1,DDP,SEWERWW,SEWERWWWOT,,,2033,,,,,,1.0,,,,,,,,,,,,,,,,
207,1,DDP,SEWERWW,SEWERWWWOT,,,2034,,,,,,1.0,,,,,,,,,,,,,,,,
207,1,DDP,SEWERWW,SEWERWWWOT,,,2035,,,,,,1.0,,,,,,,,,,,,,,,,
207,1,DDP,SEWERWW,SEWERWWWOT,,,2036,,,,,,1.0,,,,,,,,,,,,,,,,
207,1,DDP,SEWERWW,SEWERWWWOT,,,2037,,,,,,1.0,,,,,,,,,,,,,,,,
207,1,DDP,SEWERWW,SEWERWWWOT,,,2038,,,,,,1.0,,,,,,,,,,,,,,,,
207,1,DDP,SEWERWW,SEWERWWWOT,,,2039,,,,,,1.0,,,,,,,,,,,,,,,,
207,1,DDP,SEWERWW,SEWERWWWOT,,,2040,,,,,,1.0,,,,,,,,,,,,,,,,
207,1,DDP,SEWERWW,SEWERWWWOT,,,2041,,,,,,1.0,,,,,,,,,,,,,,,,
207,1,DDP,SEWERWW,SEWERWWWOT,,,2042,,,,,,1.0,,,,,,,,,,,,,,,,
207,1,DDP,SEWERWW,SEWERWWWOT,,,2043,,,,,,1.0,,,,,,,,,,,,,,,,
207,1,DDP,SEWERWW,SEWERWWWOT,,,2044,,,,,,1.0,,,,,,,,,,,,,,,,
207,1,DDP,SEWERWW,SEWERWWWOT,,,2045,,,,,,1.0,,,,,,,,,,,,,,,,
207,1,DDP,SEWERWW,SEWERWWWOT,,,2046,,,,,,1.0,,,,,,,,,,,,,,,,
207,1,DDP,SEWERWW,SEWERWWWOT,,,2047,,,,,,1.0,,,,,,,,,,,,,,,,
207,1,DDP,SEWERWW,SEWERWWWOT,,,2048,,,,,,1.0,,,,,,,,,,,,,,,,
207,1,DDP,SEWERWW,SEWERWWWOT,,,2049,,,,,,1.0,,,,,,,,,,,,,,,,
207,1,DDP,SEWERWW,SEWERWWWOT,,,2050,,,,,,1.0,,,,,,,,,,,,,,,,
207,1,DDP,SEWERWW,SEWERWWWOT,,,2051,,,,,,1.0,,,,,,,,,,,,,,,,
207,1,DDP,SEWERWW,SEWERWWWOT,,,2052,,,,,,1.0,,,,,,,,,,,,,,,,
207,1,DDP,SEWERWW,SEWERWWWOT,,,2053,,,,,,1.0,,,,,,,,,,,,,,,,
207,1,DDP,SEWERWW,SEWERWWWOT,,,2054,,,,,,1.0,,,,,,,,,,,,,,,,
207,1,DDP,SEWERWW,SEWERWWWOT,,,2055,,,,,,1.0,,,,,,,,,,,,,,,,
207,1,DDP,SEWERWW,SEWERWWWOT,,,2056,,,,,,1.0,,,,,,,,,,,,,,,,
207,1,DDP,SEWERWW,SEWERWWWOT,,,2057,,,,,,1.0,,,,,,,,,,,,,,,,
207,1,DDP,SEWERWW,SEWERWWWOT,,,2058,,,,,,1.0,,,,,,,,,,,,,,,,
207,1,DDP,SEWERWW,SEWERWWWOT,,,2059,,,,,,1.0,,,,,,,,,,,,,,,,
207,1,DDP,SEWERWW,SEWERWWWOT,,,2060,,,,,,1.0,,,,,,,,,,,,,,,,
207,1,DDP,SEWERWW,SEWERWWWOT,,,2061,,,,,,1.0,,,,,,,,,,,,,,,,
207,1,DDP,SEWERWW,SEWERWWWOT,,,2062,,,,,,1.0,,,,,,,,,,,,,,,,
207,1,DDP,SEWERWW,SEWERWWWOT,,,2063,,,,,,1.0,,,,,,,,,,,,,,,,
207,1,DDP,SEWERWW,SEWERWWWOT,,,2064,,,,,,1.0,,,,,,,,,,,,,,,,
207,1,DDP,SEWERWW,SEWERWWWOT,,,2065,,,,,,1.0,,,,,,,,,,,,,,,,
207,1,DDP,SEWERWW,SEWERWWWOT,,,2066,,,,,,1.0,,,,,,,,,,,,,,,,
207,1,DDP,SEWERWW,SEWERWWWOT,,,2067,,,,,,1.0,,,,,,,,,,,,,,,,
207,1,DDP,SEWERWW,SEWERWWWOT,,,2068,,,,,,1.0,,,,,,,,,,,,,,,,
207,1,DDP,SEWERWW,SEWERWWWOT,,,2069,,,,,,1.0,,,,,,,,,,,,,,,,
207,1,DDP,SEWERWW,SEWERWWWOT,,,2070,,,,,,1.0,,,,,,,,,,,,,,,,
207,1,DDP,SEWERWW,SEWERWWWT,,,2018,,,,,,1.0,,,,,,,,,,,,,,,,
207,1,DDP,SEWERWW,SEWERWWWT,,,2019,,,,,,1.0,,,,,,,,,,,,,,,,
207,1,DDP,SEWERWW,SEWERWWWT,,,2020,,,,,,1.0,,,,,,,,,,,,,,,,
207,1,DDP,SEWERWW,SEWERWWWT,,,2021,,,,,,1.0,,,,,,,,,,,,,,,,
207,1,DDP,SEWERWW,SEWERWWWT,,,2022,,,,,,1.0,,,,,,,,,,,,,,,,
207,1,DDP,SEWERWW,SEWERWWWT,,,2023,,,,,,1.0,,,,,,,,,,,,,,,,
207,1,DDP,SEWERWW,SEWERWWWT,,,2024,,,,,,1.0,,,,,,,,,,,,,,,,
207,1,DDP,SEWERWW,SEWERWWWT,,,2025,,,,,,1.0,,,,,,,,,,,,,,,,
207,1,DDP,SEWERWW,SEWERWWWT,,,2026,,,,,,1.0,,,,,,,,,,,,,,,,
207,1,DDP,SEWERWW,SEWERWWWT,,,2027,,,,,,1.0,,,,,,,,,,,,,,,,
207,1,DDP,SEWERWW,SEWERWWWT,,,2028,,,,,,1.0,,,,,,,,,,,,,,,,
207,1,DDP,SEWERWW,SEWERWWWT,,,2029,,,,,,1.0,,,,,,,,,,,,,,,,
207,1,DDP,SEWERWW,SEWERWWWT,,,2030,,,,,,1.0,,,,,,,,,,,,,,,,
207,1,DDP,SEWERWW,SEWERWWWT,,,2031,,,,,,1.0,,,,,,,,,,,,,,,,
207,1,DDP,SEWERWW,SEWERWWWT,,,2032,,,,,,1.0,,,,,,,,,,,,,,,,
207,1,DDP,SEWERWW,SEWERWWWT,,,2033,,,,,,1.0,,,,,,,,,,,,,,,,
207,1,DDP,SEWERWW,SEWERWWWT,,,2034,,,,,,1.0,,,,,,,,,,,,,,,,
207,1,DDP,SEWERWW,SEWERWWWT,,,2035,,,,,,1.0,,,,,,,,,,,,,,,,
207,1,DDP,SEWERWW,SEWERWWWT,,,2036,,,,,,1.0,,,,,,,,,,,,,,,,
207,1,DDP,SEWERWW,SEWERWWWT,,,2037,,,,,,1.0,,,,,,,,,,,,,,,,
207,1,DDP,SEWERWW,SEWERWWWT,,,2038,,,,,,1.0,,,,,,,,,,,,,,,,
207,1,DDP,SEWERWW,SEWERWWWT,,,2039,,,,,,1.0,,,,,,,,,,,,,,,,
207,1,DDP,SEWERWW,SEWERWWWT,,,2040,,,,,,1.0,,,,,,,,,,,,,,,,
207,1,DDP,SEWERWW,SEWERWWWT,,,2041,,,,,,1.0,,,,,,,,,,,,,,,,
207,1,DDP,SEWERWW,SEWERWWWT,,,2042,,,,,,1.0,,,,,,,,,,,,,,,,
207,1,DDP,SEWERWW,SEWERWWWT,,,2043,,,,,,1.0,,,,,,,,,,,,,,,,
207,1,DDP,SEWERWW,SEWERWWWT,,,2044,,,,,,1.0,,,,,,,,,,,,,,,,
207,1,DDP,SEWERWW,SEWERWWWT,,,2045,,,,,,1.0,,,,,,,,,,,,,,,,
207,1,DDP,SEWERWW,SEWERWWWT,,,2046,,,,,,1.0,,,,,,,,,,,,,,,,
207,1,DDP,SEWERWW,SEWERWWWT,,,2047,,,,,,1.0,,,,,,,,,,,,,,,,
207,1,DDP,SEWERWW,SEWERWWWT,,,2048,,,,,,1.0,,,,,,,,,,,,,,,,
207,1,DDP,SEWERWW,SEWERWWWT,,,2049,,,,,,1.0,,,,,,,,,,,,,,,,
207,1,DDP,SEWERWW,SEWERWWWT,,,2050,,,,,,1.0,,,,,,,,,,,,,,,,
207,1,DDP,SEWERWW,SEWERWWWT,,,2051,,,,,,1.0,,,,,,,,,,,,,,,,
207,1,DDP,SEWERWW,SEWERWWWT,,,2052,,,,,,1.0,,,,,,,,,,,,,,,,
207,1,DDP,SEWERWW,SEWERWWWT,,,2053,,,,,,1.0,,,,,,,,,,,,,,,,
207,1,DDP,SEWERWW,SEWERWWWT,,,2054,,,,,,1.0,,,,,,,,,,,,,,,,
207,1,DDP,SEWERWW,SEWERWWWT,,,2055,,,,,,1.0,,,,,,,,,,,,,,,,
207,1,DDP,SEWERWW,SEWERWWWT,,,2056,,,,,,1.0,,,,,,,,,,,,,,,,
207,1,DDP,SEWERWW,SEWERWWWT,,,2057,,,,,,1.0,,,,,,,,,,,,,,,,
207,1,DDP,SEWERWW,SEWERWWWT,,,2058,,,,,,1.0,,,,,,,,,,,,,,,,
207,1,DDP,SEWERWW,SEWERWWWT,,,2059,,,,,,1.0,,,,,,,,,,,,,,,,
207,1,DDP,SEWERWW,SEWERWWWT,,,2060,,,,,,1.0,,,,,,,,,,,,,,,,
207,1,DDP,SEWERWW,SEWERWWWT,,,2061,,,,,,1.0,,,,,,,,,,,,,,,,
207,1,DDP,SEWERWW,SEWERWWWT,,,2062,,,,,,1.0,,,,,,,,,,,,,,,,
207,1,DDP,SEWERWW,SEWERWWWT,,,2063,,,,,,1.0,,,,,,,,,,,,,,,,
207,1,DDP,SEWERWW,SEWERWWWT,,,2064,,,,,,1.0,,,,,,,,,,,,,,,,
207,1,DDP,SEWERWW,SEWERWWWT,,,2065,,,,,,1.0,,,,,,,,,,,,,,,,
207,1,DDP,SEWERWW,SEWERWWWT,,,2066,,,,,,1.0,,,,,,,,,,,,,,,,
207,1,DDP,SEWERWW,SEWERWWWT,,,2067,,,,,,1.0,,,,,,,,,,,,,,,,
207,1,DDP,SEWERWW,SEWERWWWT,,,2068,,,,,,1.0,,,,,,,,,,,,,,,,
207,1,DDP,SEWERWW,SEWERWWWT,,,2069,,,,,,1.0,,,,,,,,,,,,,,,,
207,1,DDP,SEWERWW,SEWERWWWT,,,2070,,,,,,1.0,,,,,,,,,,,,,,,,
207,1,DDP,SEWERWW,WWWTFIRU,,,2018,,,,,,1.0,,,,,,,,,,,,,,,,
207,1,DDP,SEWERWW,WWWTFIRU,,,2019,,,,,,1.0,,,,,,,,,,,,,,,,
207,1,DDP,SEWERWW,WWWTFIRU,,,2020,,,,,,1.0,,,,,,,,,,,,,,,,
207,1,DDP,SEWERWW,WWWTFIRU,,,2021,,,,,,1.0,,,,,,,,,,,,,,,,
207,1,DDP,SEWERWW,WWWTFIRU,,,2022,,,,,,1.0,,,,,,,,,,,,,,,,
207,1,DDP,SEWERWW,WWWTFIRU,,,2023,,,,,,1.0,,,,,,,,,,,,,,,,
207,1,DDP,SEWERWW,WWWTFIRU,,,2024,,,,,,1.0,,,,,,,,,,,,,,,,
207,1,DDP,SEWERWW,WWWTFIRU,,,2025,,,,,,1.0,,,,,,,,,,,,,,,,
207,1,DDP,SEWERWW,WWWTFIRU,,,2026,,,,,,1.0,,,,,,,,,,,,,,,,
207,1,DDP,SEWERWW,WWWTFIRU,,,2027,,,,,,1.0,,,,,,,,,,,,,,,,
207,1,DDP,SEWERWW,WWWTFIRU,,,2028,,,,,,1.0,,,,,,,,,,,,,,,,
207,1,DDP,SEWERWW,WWWTFIRU,,,2029,,,,,,1.0,,,,,,,,,,,,,,,,
207,1,DDP,SEWERWW,WWWTFIRU,,,2030,,,,,,1.0,,,,,,,,,,,,,,,,
207,1,DDP,SEWERWW,WWWTFIRU,,,2031,,,,,,1.0,,,,,,,,,,,,,,,,
207,1,DDP,SEWERWW,WWWTFIRU,,,2032,,,,,,1.0,,,,,,,,,,,,,,,,
207,1,DDP,SEWERWW,WWWTFIRU,,,2033,,,,,,1.0,,,,,,,,,,,,,,,,
207,1,DDP,SEWERWW,WWWTFIRU,,,2034,,,,,,1.0,,,,,,,,,,,,,,,,
207,1,DDP,SEWERWW,WWWTFIRU,,,2035,,,,,,1.0,,,,,,,,,,,,,,,,
207,1,DDP,SEWERWW,WWWTFIRU,,,2036,,,,,,1.0,,,,,,,,,,,,,,,,
207,1,DDP,SEWERWW,WWWTFIRU,,,2037,,,,,,1.0,,,,,,,,,,,,,,,,
207,1,DDP,SEWERWW,WWWTFIRU,,,2038,,,,,,1.0,,,,,,,,,,,,,,,,
207,1,DDP,SEWERWW,WWWTFIRU,,,2039,,,,,,1.0,,,,,,,,,,,,,,,,
207,1,DDP,SEWERWW,WWWTFIRU,,,2040,,,,,,1.0,,,,,,,,,,,,,,,,
207,1,DDP,SEWERWW,WWWTFIRU,,,2041,,,,,,1.0,,,,,,,,,,,,,,,,
207,1,DDP,SEWERWW,WWWTFIRU,,,2042,,,,,,1.0,,,,,,,,,,,,,,,,
207,1,DDP,SEWERWW,WWWTFIRU,,,2043,,,,,,1.0,,,,,,,,,,,,,,,,
207,1,DDP,SEWERWW,WWWTFIRU,,,2044,,,,,,1.0,,,,,,,,,,,,,,,,
207,1,DDP,SEWERWW,WWWTFIRU,,,2045,,,,,,1.0,,,,,,,,,,,,,,,,
207,1,DDP,SEWERWW,WWWTFIRU,,,2046,,,,,,1.0,,,,,,,,,,,,,,,,
207,1,DDP,SEWERWW,WWWTFIRU,,,2047,,,,,,1.0,,,,,,,,,,,,,,,,
207,1,DDP,SEWERWW,WWWTFIRU,,,2048,,,,,,1.0,,,,,,,,,,,,,,,,
207,1,DDP,SEWERWW,WWWTFIRU,,,2049,,,,,,1.0,,,,,,,,,,,,,,,,
207,1,DDP,SEWERWW,WWWTFIRU,,,2050,,,,,,1.0,,,,,,,,,,,,,,,,
207,1,DDP,SEWERWW,WWWTFIRU,,,2051,,,,,,1.0,,,,,,,,,,,,,,,,
207,1,DDP,SEWERWW,WWWTFIRU,,,2052,,,,,,1.0,,,,,,,,,,,,,,,,
207,1,DDP,SEWERWW,WWWTFIRU,,,2053,,,,,,1.0,,,,,,,,,,,,,,,,
207,1,DDP,SEWERWW,WWWTFIRU,,,2054,,,,,,1.0,,,,,,,,,,,,,,,,
207,1,DDP,SEWERWW,WWWTFIRU,,,2055,,,,,,1.0,,,,,,,,,,,,,,,,
207,1,DDP,SEWERWW,WWWTFIRU,,,2056,,,,,,1.0,,,,,,,,,,,,,,,,
207,1,DDP,SEWERWW,WWWTFIRU,,,2057,,,,,,1.0,,,,,,,,,,,,,,,,
207,1,DDP,SEWERWW,WWWTFIRU,,,2058,,,,,,1.0,,,,,,,,,,,,,,,,
207,1,DDP,SEWERWW,WWWTFIRU,,,2059,,,,,,1.0,,,,,,,,,,,,,,,,
207,1,DDP,SEWERWW,WWWTFIRU,,,2060,,,,,,1.0,,,,,,,,,,,,,,,,
207,1,DDP,SEWERWW,WWWTFIRU,,,2061,,,,,,1.0,,,,,,,,,,,,,,,,
207,1,DDP,SEWERWW,WWWTFIRU,,,2062,,,,,,1.0,,,,,,,,,,,,,,,,
207,1,DDP,SEWERWW,WWWTFIRU,,,2063,,,,,,1.0,,,,,,,,,,,,,,,,
207,1,DDP,SEWERWW,WWWTFIRU,,,2064,,,,,,1.0,,,,,,,,,,,,,,,,
207,1,DDP,SEWERWW,WWWTFIRU,,,2065,,,,,,1.0,,,,,,,,,,,,,,,,
207,1,DDP,SEWERWW,WWWTFIRU,,,2066,,,,,,1.0,,,,,,,,,,,,,,,,
207,1,DDP,SEWERWW,WWWTFIRU,,,2067,,,,,,1.0,,,,,,,,,,,,,,,,
207,1,DDP,SEWERWW,WWWTFIRU,,,2068,,,,,,1.0,,,,,,,,,,,,,,,,
207,1,DDP,SEWERWW,WWWTFIRU,,,2069,,,,,,1.0,,,,,,,,,,,,,,,,
207,1,DDP,SEWERWW,WWWTFIRU,,,2070,,,,,,1.0,,,,,,,,,,,,,,,,
207,1,DDP,TWW,TWWWOT,,,2018,,,,,,1.0,,,,,,,,,,,,,,,,
207,1,DDP,TWW,TWWWOT,,,2019,,,,,,1.0,,,,,,,,,,,,,,,,
207,1,DDP,TWW,TWWWOT,,,2020,,,,,,1.0,,,,,,,,,,,,,,,,
207,1,DDP,TWW,TWWWOT,,,2021,,,,,,1.0,,,,,,,,,,,,,,,,
207,1,DDP,TWW,TWWWOT,,,2022,,,,,,1.0,,,,,,,,,,,,,,,,
207,1,DDP,TWW,TWWWOT,,,2023,,,,,,1.0,,,,,,,,,,,,,,,,
207,1,DDP,TWW,TWWWOT,,,2024,,,,,,1.0,,,,,,,,,,,,,,,,
207,1,DDP,TWW,TWWWOT,,,2025,,,,,,1.0,,,,,,,,,,,,,,,,
207,1,DDP,TWW,TWWWOT,,,2026,,,,,,1.0,,,,,,,,,,,,,,,,
207,1,DDP,TWW,TWWWOT,,,2027,,,,,,1.0,,,,,,,,,,,,,,,,
207,1,DDP,TWW,TWWWOT,,,2028,,,,,,1.0,,,,,,,,,,,,,,,,
207,1,DDP,TWW,TWWWOT,,,2029,,,,,,1.0,,,,,,,,,,,,,,,,
207,1,DDP,TWW,TWWWOT,,,2030,,,,,,1.0,,,,,,,,,,,,,,,,
207,1,DDP,TWW,TWWWOT,,,2031,,,,,,1.0,,,,,,,,,,,,,,,,
207,1,DDP,TWW,TWWWOT,,,2032,,,,,,1.0,,,,,,,,,,,,,,,,
207,1,DDP,TWW,TWWWOT,,,2033,,,,,,1.0,,,,,,,,,,,,,,,,
207,1,DDP,TWW,TWWWOT,,,2034,,,,,,1.0,,,,,,,,,,,,,,,,
207,1,DDP,TWW,TWWWOT,,,2035,,,,,,1.0,,,,,,,,,,,,,,,,
207,1,DDP,TWW,TWWWOT,,,2036,,,,,,1.0,,,,,,,,,,,,,,,,
207,1,DDP,TWW,TWWWOT,,,2037,,,,,,1.0,,,,,,,,,,,,,,,,
207,1,DDP,TWW,TWWWOT,,,2038,,,,,,1.0,,,,,,,,,,,,,,,,
207,1,DDP,TWW,TWWWOT,,,2039,,,,,,1.0,,,,,,,,,,,,,,,,
207,1,DDP,TWW,TWWWOT,,,2040,,,,,,1.0,,,,,,,,,,,,,,,,
207,1,DDP,TWW,TWWWOT,,,2041,,,,,,1.0,,,,,,,,,,,,,,,,
207,1,DDP,TWW,TWWWOT,,,2042,,,,,,1.0,,,,,,,,,,,,,,,,
207,1,DDP,TWW,TWWWOT,,,2043,,,,,,1.0,,,,,,,,,,,,,,,,
207,1,DDP,TWW,TWWWOT,,,2044,,,,,,1.0,,,,,,,,,,,,,,,,
207,1,DDP,TWW,TWWWOT,,,2045,,,,,,1.0,,,,,,,,,,,,,,,,
207,1,DDP,TWW,TWWWOT,,,2046,,,,,,1.0,,,,,,,,,,,,,,,,
207,1,DDP,TWW,TWWWOT,,,2047,,,,,,1.0,,,,,,,,,,,,,,,,
207,1,DDP,TWW,TWWWOT,,,2048,,,,,,1.0,,,,,,,,,,,,,,,,
207,1,DDP,TWW,TWWWOT,,,2049,,,,,,1.0,,,,,,,,,,,,,,,,
207,1,DDP,TWW,TWWWOT,,,2050,,,,,,1.0,,,,,,,,,,,,,,,,
207,1,DDP,TWW,TWWWOT,,,2051,,,,,,1.0,,,,,,,,,,,,,,,,
207,1,DDP,TWW,TWWWOT,,,2052,,,,,,1.0,,,,,,,,,,,,,,,,
207,1,DDP,TWW,TWWWOT,,,2053,,,,,,1.0,,,,,,,,,,,,,,,,
207,1,DDP,TWW,TWWWOT,,,2054,,,,,,1.0,,,,,,,,,,,,,,,,
207,1,DDP,TWW,TWWWOT,,,2055,,,,,,1.0,,,,,,,,,,,,,,,,
207,1,DDP,TWW,TWWWOT,,,2056,,,,,,1.0,,,,,,,,,,,,,,,,
207,1,DDP,TWW,TWWWOT,,,2057,,,,,,1.0,,,,,,,,,,,,,,,,
207,1,DDP,TWW,TWWWOT,,,2058,,,,,,1.0,,,,,,,,,,,,,,,,
207,1,DDP,TWW,TWWWOT,,,2059,,,,,,1.0,,,,,,,,,,,,,,,,
207,1,DDP,TWW,TWWWOT,,,2060,,,,,,1.0,,,,,,,,,,,,,,,,
207,1,DDP,TWW,TWWWOT,,,2061,,,,,,1.0,,,,,,,,,,,,,,,,
207,1,DDP,TWW,TWWWOT,,,2062,,,,,,1.0,,,,,,,,,,,,,,,,
207,1,DDP,TWW,TWWWOT,,,2063,,,,,,1.0,,,,,,,,,,,,,,,,
207,1,DDP,TWW,TWWWOT,,,2064,,,,,,1.0,,,,,,,,,,,,,,,,
207,1,DDP,TWW,TWWWOT,,,2065,,,,,,1.0,,,,,,,,,,,,,,,,
207,1,DDP,TWW,TWWWOT,,,2066,,,,,,1.0,,,,,,,,,,,,,,,,
207,1,DDP,TWW,TWWWOT,,,2067,,,,,,1.0,,,,,,,,,,,,,,,,
207,1,DDP,TWW,TWWWOT,,,2068,,,,,,1.0,,,,,,,,,,,,,,,,
207,1,DDP,TWW,TWWWOT,,,2069,,,,,,1.0,,,,,,,,,,,,,,,,
207,1,DDP,TWW,TWWWOT,,,2070,,,,,,1.0,,,,,,,,,,,,,,,,
207,1,DDP,TWW,SEWERWW,,,2018,,,,,,1.0,,,,,,,,,,,,,,,,
207,1,DDP,TWW,SEWERWW,,,2019,,,,,,1.0,,,,,,,,,,,,,,,,
207,1,DDP,TWW,SEWERWW,,,2020,,,,,,1.0,,,,,,,,,,,,,,,,
207,1,DDP,TWW,SEWERWW,,,2021,,,,,,1.0,,,,,,,,,,,,,,,,
207,1,DDP,TWW,SEWERWW,,,2022,,,,,,1.0,,,,,,,,,,,,,,,,
207,1,DDP,TWW,SEWERWW,,,2023,,,,,,1.0,,,,,,,,,,,,,,,,
207,1,DDP,TWW,SEWERWW,,,2024,,,,,,1.0,,,,,,,,,,,,,,,,
207,1,DDP,TWW,SEWERWW,,,2025,,,,,,1.0,,,,,,,,,,,,,,,,
207,1,DDP,TWW,SEWERWW,,,2026,,,,,,1.0,,,,,,,,,,,,,,,,
207,1,DDP,TWW,SEWERWW,,,2027,,,,,,1.0,,,,,,,,,,,,,,,,
207,1,DDP,TWW,SEWERWW,,,2028,,,,,,1.0,,,,,,,,,,,,,,,,
207,1,DDP,TWW,SEWERWW,,,2029,,,,,,1.0,,,,,,,,,,,,,,,,
207,1,DDP,TWW,SEWERWW,,,2030,,,,,,1.0,,,,,,,,,,,,,,,,
207,1,DDP,TWW,SEWERWW,,,2031,,,,,,1.0,,,,,,,,,,,,,,,,
207,1,DDP,TWW,SEWERWW,,,2032,,,,,,1.0,,,,,,,,,,,,,,,,
207,1,DDP,TWW,SEWERWW,,,2033,,,,,,1.0,,,,,,,,,,,,,,,,
207,1,DDP,TWW,SEWERWW,,,2034,,,,,,1.0,,,,,,,,,,,,,,,,
207,1,DDP,TWW,SEWERWW,,,2035,,,,,,1.0,,,,,,,,,,,,,,,,
207,1,DDP,TWW,SEWERWW,,,2036,,,,,,1.0,,,,,,,,,,,,,,,,
207,1,DDP,TWW,SEWERWW,,,2037,,,,,,1.0,,,,,,,,,,,,,,,,
207,1,DDP,TWW,SEWERWW,,,2038,,,,,,1.0,,,,,,,,,,,,,,,,
207,1,DDP,TWW,SEWERWW,,,2039,,,,,,1.0,,,,,,,,,,,,,,,,
207,1,DDP,TWW,SEWERWW,,,2040,,,,,,1.0,,,,,,,,,,,,,,,,
207,1,DDP,TWW,SEWERWW,,,2041,,,,,,1.0,,,,,,,,,,,,,,,,
207,1,DDP,TWW,SEWERWW,,,2042,,,,,,1.0,,,,,,,,,,,,,,,,
207,1,DDP,TWW,SEWERWW,,,2043,,,,,,1.0,,,,,,,,,,,,,,,,
207,1,DDP,TWW,SEWERWW,,,2044,,,,,,1.0,,,,,,,,,,,,,,,,
207,1,DDP,TWW,SEWERWW,,,2045,,,,,,1.0,,,,,,,,,,,,,,,,
207,1,DDP,TWW,SEWERWW,,,2046,,,,,,1.0,,,,,,,,,,,,,,,,
207,1,DDP,TWW,SEWERWW,,,2047,,,,,,1.0,,,,,,,,,,,,,,,,
207,1,DDP,TWW,SEWERWW,,,2048,,,,,,1.0,,,,,,,,,,,,,,,,
207,1,DDP,TWW,SEWERWW,,,2049,,,,,,1.0,,,,,,,,,,,,,,,,
207,1,DDP,TWW,SEWERWW,,,2050,,,,,,1.0,,,,,,,,,,,,,,,,
207,1,DDP,TWW,SEWERWW,,,2051,,,,,,1.0,,,,,,,,,,,,,,,,
207,1,DDP,TWW,SEWERWW,,,2052,,,,,,1.0,,,,,,,,,,,,,,,,
207,1,DDP,TWW,SEWERWW,,,2053,,,,,,1.0,,,,,,,,,,,,,,,,
207,1,DDP,TWW,SEWERWW,,,2054,,,,,,1.0,,,,,,,,,,,,,,,,
207,1,DDP,TWW,SEWERWW,,,2055,,,,,,1.0,,,,,,,,,,,,,,,,
207,1,DDP,TWW,SEWERWW,,,2056,,,,,,1.0,,,,,,,,,,,,,,,,
207,1,DDP,TWW,SEWERWW,,,2057,,,,,,1.0,,,,,,,,,,,,,,,,
207,1,DDP,TWW,SEWERWW,,,2058,,,,,,1.0,,,,,,,,,,,,,,,,
207,1,DDP,TWW,SEWERWW,,,2059,,,,,,1.0,,,,,,,,,,,,,,,,
207,1,DDP,TWW,SEWERWW,,,2060,,,,,,1.0,,,,,,,,,,,,,,,,
207,1,DDP,TWW,SEWERWW,,,2061,,,,,,1.0,,,,,,,,,,,,,,,,
207,1,DDP,TWW,SEWERWW,,,2062,,,,,,1.0,,,,,,,,,,,,,,,,
207,1,DDP,TWW,SEWERWW,,,2063,,,,,,1.0,,,,,,,,,,,,,,,,
207,1,DDP,TWW,SEWERWW,,,2064,,,,,,1.0,,,,,,,,,,,,,,,,
207,1,DDP,TWW,SEWERWW,,,2065,,,,,,1.0,,,,,,,,,,,,,,,,
207,1,DDP,TWW,SEWERWW,,,2066,,,,,,1.0,,,,,,,,,,,,,,,,
207,1,DDP,TWW,SEWERWW,,,2067,,,,,,1.0,,,,,,,,,,,,,,,,
207,1,DDP,TWW,SEWERWW,,,2068,,,,,,1.0,,,,,,,,,,,,,,,,
207,1,DDP,TWW,SEWERWW,,,2069,,,,,,1.0,,,,,,,,,,,,,,,,
207,1,DDP,TWW,SEWERWW,,,2070,,,,,,1.0,,,,,,,,,,,,,,,,
207,1,DDP,TWW,STWW,,,2018,,,,,,1.0,,,,,,,,,,,,,,,,
207,1,DDP,TWW,STWW,,,2019,,,,,,1.0,,,,,,,,,,,,,,,,
207,1,DDP,TWW,STWW,,,2020,,,,,,1.0,,,,,,,,,,,,,,,,
207,1,DDP,TWW,STWW,,,2021,,,,,,1.0,,,,,,,,,,,,,,,,
207,1,DDP,TWW,STWW,,,2022,,,,,,1.0,,,,,,,,,,,,,,,,
207,1,DDP,TWW,STWW,,,2023,,,,,,1.0,,,,,,,,,,,,,,,,
207,1,DDP,TWW,STWW,,,2024,,,,,,1.0,,,,,,,,,,,,,,,,
207,1,DDP,TWW,STWW,,,2025,,,,,,1.0,,,,,,,,,,,,,,,,
207,1,DDP,TWW,STWW,,,2026,,,,,,1.0,,,,,,,,,,,,,,,,
207,1,DDP,TWW,STWW,,,2027,,,,,,1.0,,,,,,,,,,,,,,,,
207,1,DDP,TWW,STWW,,,2028,,,,,,1.0,,,,,,,,,,,,,,,,
207,1,DDP,TWW,STWW,,,2029,,,,,,1.0,,,,,,,,,,,,,,,,
207,1,DDP,TWW,STWW,,,2030,,,,,,1.0,,,,,,,,,,,,,,,,
207,1,DDP,TWW,STWW,,,2031,,,,,,1.0,,,,,,,,,,,,,,,,
207,1,DDP,TWW,STWW,,,2032,,,,,,1.0,,,,,,,,,,,,,,,,
207,1,DDP,TWW,STWW,,,2033,,,,,,1.0,,,,,,,,,,,,,,,,
207,1,DDP,TWW,STWW,,,2034,,,,,,1.0,,,,,,,,,,,,,,,,
207,1,DDP,TWW,STWW,,,2035,,,,,,1.0,,,,,,,,,,,,,,,,
207,1,DDP,TWW,STWW,,,2036,,,,,,1.0,,,,,,,,,,,,,,,,
207,1,DDP,TWW,STWW,,,2037,,,,,,1.0,,,,,,,,,,,,,,,,
207,1,DDP,TWW,STWW,,,2038,,,,,,1.0,,,,,,,,,,,,,,,,
207,1,DDP,TWW,STWW,,,2039,,,,,,1.0,,,,,,,,,,,,,,,,
207,1,DDP,TWW,STWW,,,2040,,,,,,1.0,,,,,,,,,,,,,,,,
207,1,DDP,TWW,STWW,,,2041,,,,,,1.0,,,,,,,,,,,,,,,,
207,1,DDP,TWW,STWW,,,2042,,,,,,1.0,,,,,,,,,,,,,,,,
207,1,DDP,TWW,STWW,,,2043,,,,,,1.0,,,,,,,,,,,,,,,,
207,1,DDP,TWW,STWW,,,2044,,,,,,1.0,,,,,,,,,,,,,,,,
207,1,DDP,TWW,STWW,,,2045,,,,,,1.0,,,,,,,,,,,,,,,,
207,1,DDP,TWW,STWW,,,2046,,,,,,1.0,,,,,,,,,,,,,,,,
207,1,DDP,TWW,STWW,,,2047,,,,,,1.0,,,,,,,,,,,,,,,,
207,1,DDP,TWW,STWW,,,2048,,,,,,1.0,,,,,,,,,,,,,,,,
207,1,DDP,TWW,STWW,,,2049,,,,,,1.0,,,,,,,,,,,,,,,,
207,1,DDP,TWW,STWW,,,2050,,,,,,1.0,,,,,,,,,,,,,,,,
207,1,DDP,TWW,STWW,,,2051,,,,,,1.0,,,,,,,,,,,,,,,,
207,1,DDP,TWW,STWW,,,2052,,,,,,1.0,,,,,,,,,,,,,,,,
207,1,DDP,TWW,STWW,,,2053,,,,,,1.0,,,,,,,,,,,,,,,,
207,1,DDP,TWW,STWW,,,2054,,,,,,1.0,,,,,,,,,,,,,,,,
207,1,DDP,TWW,STWW,,,2055,,,,,,1.0,,,,,,,,,,,,,,,,
207,1,DDP,TWW,STWW,,,2056,,,,,,1.0,,,,,,,,,,,,,,,,
207,1,DDP,TWW,STWW,,,2057,,,,,,1.0,,,,,,,,,,,,,,,,
207,1,DDP,TWW,STWW,,,2058,,,,,,1.0,,,,,,,,,,,,,,,,
207,1,DDP,TWW,STWW,,,2059,,,,,,1.0,,,,,,,,,,,,,,,,
207,1,DDP,TWW,STWW,,,2060,,,,,,1.0,,,,,,,,,,,,,,,,
207,1,DDP,TWW,STWW,,,2061,,,,,,1.0,,,,,,,,,,,,,,,,
207,1,DDP,TWW,STWW,,,2062,,,,,,1.0,,,,,,,,,,,,,,,,
207,1,DDP,TWW,STWW,,,2063,,,,,,1.0,,,,,,,,,,,,,,,,
207,1,DDP,TWW,STWW,,,2064,,,,,,1.0,,,,,,,,,,,,,,,,
207,1,DDP,TWW,STWW,,,2065,,,,,,1.0,,,,,,,,,,,,,,,,
207,1,DDP,TWW,STWW,,,2066,,,,,,1.0,,,,,,,,,,,,,,,,
207,1,DDP,TWW,STWW,,,2067,,,,,,1.0,,,,,,,,,,,,,,,,
207,1,DDP,TWW,STWW,,,2068,,,,,,1.0,,,,,,,,,,,,,,,,
207,1,DDP,TWW,STWW,,,2069,,,,,,1.0,,,,,,,,,,,,,,,,
207,1,DDP,TWW,STWW,,,2070,,,,,,1.0,,,,,,,,,,,,,,,,
207,1,DDP,E5_TWWTWW,T5TWWTWW,,,2018,,,,,,1.0,,,,,,,,,,,,,,,,
207,1,DDP,E5_TWWTWW,T5TWWTWW,,,2019,,,,,,1.0,,,,,,,,,,,,,,,,
207,1,DDP,E5_TWWTWW,T5TWWTWW,,,2020,,,,,,1.0,,,,,,,,,,,,,,,,
207,1,DDP,E5_TWWTWW,T5TWWTWW,,,2021,,,,,,1.0,,,,,,,,,,,,,,,,
207,1,DDP,E5_TWWTWW,T5TWWTWW,,,2022,,,,,,1.0,,,,,,,,,,,,,,,,
207,1,DDP,E5_TWWTWW,T5TWWTWW,,,2023,,,,,,1.0,,,,,,,,,,,,,,,,
207,1,DDP,E5_TWWTWW,T5TWWTWW,,,2024,,,,,,1.0,,,,,,,,,,,,,,,,
207,1,DDP,E5_TWWTWW,T5TWWTWW,,,2025,,,,,,1.0,,,,,,,,,,,,,,,,
207,1,DDP,E5_TWWTWW,T5TWWTWW,,,2026,,,,,,1.0,,,,,,,,,,,,,,,,
207,1,DDP,E5_TWWTWW,T5TWWTWW,,,2027,,,,,,1.0,,,,,,,,,,,,,,,,
207,1,DDP,E5_TWWTWW,T5TWWTWW,,,2028,,,,,,1.0,,,,,,,,,,,,,,,,
207,1,DDP,E5_TWWTWW,T5TWWTWW,,,2029,,,,,,1.0,,,,,,,,,,,,,,,,
207,1,DDP,E5_TWWTWW,T5TWWTWW,,,2030,,,,,,1.0,,,,,,,,,,,,,,,,
207,1,DDP,E5_TWWTWW,T5TWWTWW,,,2031,,,,,,1.0,,,,,,,,,,,,,,,,
207,1,DDP,E5_TWWTWW,T5TWWTWW,,,2032,,,,,,1.0,,,,,,,,,,,,,,,,
207,1,DDP,E5_TWWTWW,T5TWWTWW,,,2033,,,,,,1.0,,,,,,,,,,,,,,,,
207,1,DDP,E5_TWWTWW,T5TWWTWW,,,2034,,,,,,1.0,,,,,,,,,,,,,,,,
207,1,DDP,E5_TWWTWW,T5TWWTWW,,,2035,,,,,,1.0,,,,,,,,,,,,,,,,
207,1,DDP,E5_TWWTWW,T5TWWTWW,,,2036,,,,,,1.0,,,,,,,,,,,,,,,,
207,1,DDP,E5_TWWTWW,T5TWWTWW,,,2037,,,,,,1.0,,,,,,,,,,,,,,,,
207,1,DDP,E5_TWWTWW,T5TWWTWW,,,2038,,,,,,1.0,,,,,,,,,,,,,,,,
207,1,DDP,E5_TWWTWW,T5TWWTWW,,,2039,,,,,,1.0,,,,,,,,,,,,,,,,
207,1,DDP,E5_TWWTWW,T5TWWTWW,,,2040,,,,,,1.0,,,,,,,,,,,,,,,,
207,1,DDP,E5_TWWTWW,T5TWWTWW,,,2041,,,,,,1.0,,,,,,,,,,,,,,,,
207,1,DDP,E5_TWWTWW,T5TWWTWW,,,2042,,,,,,1.0,,,,,,,,,,,,,,,,
207,1,DDP,E5_TWWTWW,T5TWWTWW,,,2043,,,,,,1.0,,,,,,,,,,,,,,,,
207,1,DDP,E5_TWWTWW,T5TWWTWW,,,2044,,,,,,1.0,,,,,,,,,,,,,,,,
207,1,DDP,E5_TWWTWW,T5TWWTWW,,,2045,,,,,,1.0,,,,,,,,,,,,,,,,
207,1,DDP,E5_TWWTWW,T5TWWTWW,,,2046,,,,,,1.0,,,,,,,,,,,,,,,,
207,1,DDP,E5_TWWTWW,T5TWWTWW,,,2047,,,,,,1.0,,,,,,,,,,,,,,,,
207,1,DDP,E5_TWWTWW,T5TWWTWW,,,2048,,,,,,1.0,,,,,,,,,,,,,,,,
207,1,DDP,E5_TWWTWW,T5TWWTWW,,,2049,,,,,,1.0,,,,,,,,,,,,,,,,
207,1,DDP,E5_TWWTWW,T5TWWTWW,,,2050,,,,,,1.0,,,,,,,,,,,,,,,,
207,1,DDP,E5_TWWTWW,T5TWWTWW,,,2051,,,,,,1.0,,,,,,,,,,,,,,,,
207,1,DDP,E5_TWWTWW,T5TWWTWW,,,2052,,,,,,1.0,,,,,,,,,,,,,,,,
207,1,DDP,E5_TWWTWW,T5TWWTWW,,,2053,,,,,,1.0,,,,,,,,,,,,,,,,
207,1,DDP,E5_TWWTWW,T5TWWTWW,,,2054,,,,,,1.0,,,,,,,,,,,,,,,,
207,1,DDP,E5_TWWTWW,T5TWWTWW,,,2055,,,,,,1.0,,,,,,,,,,,,,,,,
207,1,DDP,E5_TWWTWW,T5TWWTWW,,,2056,,,,,,1.0,,,,,,,,,,,,,,,,
207,1,DDP,E5_TWWTWW,T5TWWTWW,,,2057,,,,,,1.0,,,,,,,,,,,,,,,,
207,1,DDP,E5_TWWTWW,T5TWWTWW,,,2058,,,,,,1.0,,,,,,,,,,,,,,,,
207,1,DDP,E5_TWWTWW,T5TWWTWW,,,2059,,,,,,1.0,,,,,,,,,,,,,,,,
207,1,DDP,E5_TWWTWW,T5TWWTWW,,,2060,,,,,,1.0,,,,,,,,,,,,,,,,
207,1,DDP,E5_TWWTWW,T5TWWTWW,,,2061,,,,,,1.0,,,,,,,,,,,,,,,,
207,1,DDP,E5_TWWTWW,T5TWWTWW,,,2062,,,,,,1.0,,,,,,,,,,,,,,,,
207,1,DDP,E5_TWWTWW,T5TWWTWW,,,2063,,,,,,1.0,,,,,,,,,,,,,,,,
207,1,DDP,E5_TWWTWW,T5TWWTWW,,,2064,,,,,,1.0,,,,,,,,,,,,,,,,
207,1,DDP,E5_TWWTWW,T5TWWTWW,,,2065,,,,,,1.0,,,,,,,,,,,,,,,,
207,1,DDP,E5_TWWTWW,T5TWWTWW,,,2066,,,,,,1.0,,,,,,,,,,,,,,,,
207,1,DDP,E5_TWWTWW,T5TWWTWW,,,2067,,,,,,1.0,,,,,,,,,,,,,,,,
207,1,DDP,E5_TWWTWW,T5TWWTWW,,,2068,,,,,,1.0,,,,,,,,,,,,,,,,
207,1,DDP,E5_TWWTWW,T5TWWTWW,,,2069,,,,,,1.0,,,,,,,,,,,,,,,,
207,1,DDP,E5_TWWTWW,T5TWWTWW,,,2070,,,,,,1.0,,,,,,,,,,,,,,,,
207,1,DDP,,INORG_RCY_OS,CO2e,,2018,,,,,,,0.0,,,,,,,,,,,,,,,
207,1,DDP,,INORG_RCY_OS,CO2e,,2019,,,,,,,0.0,,,,,,,,,,,,,,,
207,1,DDP,,INORG_RCY_OS,CO2e,,2020,,,,,,,0.0,,,,,,,,,,,,,,,
207,1,DDP,,INORG_RCY_OS,CO2e,,2021,,,,,,,0.0,,,,,,,,,,,,,,,
207,1,DDP,,INORG_RCY_OS,CO2e,,2022,,,,,,,0.0,,,,,,,,,,,,,,,
207,1,DDP,,INORG_RCY_OS,CO2e,,2023,,,,,,,0.0,,,,,,,,,,,,,,,
207,1,DDP,,INORG_RCY_OS,CO2e,,2024,,,,,,,0.0,,,,,,,,,,,,,,,
207,1,DDP,,INORG_RCY_OS,CO2e,,2025,,,,,,,0.0,,,,,,,,,,,,,,,
207,1,DDP,,INORG_RCY_OS,CO2e,,2026,,,,,,,0.0,,,,,,,,,,,,,,,
207,1,DDP,,INORG_RCY_OS,CO2e,,2027,,,,,,,0.0,,,,,,,,,,,,,,,
207,1,DDP,,INORG_RCY_OS,CO2e,,2028,,,,,,,0.0,,,,,,,,,,,,,,,
207,1,DDP,,INORG_RCY_OS,CO2e,,2029,,,,,,,0.0,,,,,,,,,,,,,,,
207,1,DDP,,INORG_RCY_OS,CO2e,,2030,,,,,,,0.0,,,,,,,,,,,,,,,
207,1,DDP,,INORG_RCY_OS,CO2e,,2031,,,,,,,0.0,,,,,,,,,,,,,,,
207,1,DDP,,INORG_RCY_OS,CO2e,,2032,,,,,,,0.0,,,,,,,,,,,,,,,
207,1,DDP,,INORG_RCY_OS,CO2e,,2033,,,,,,,0.0,,,,,,,,,,,,,,,
207,1,DDP,,INORG_RCY_OS,CO2e,,2034,,,,,,,0.0,,,,,,,,,,,,,,,
207,1,DDP,,INORG_RCY_OS,CO2e,,2035,,,,,,,0.0,,,,,,,,,,,,,,,
207,1,DDP,,INORG_RCY_OS,CO2e,,2036,,,,,,,0.0,,,,,,,,,,,,,,,
207,1,DDP,,INORG_RCY_OS,CO2e,,2037,,,,,,,0.0,,,,,,,,,,,,,,,
207,1,DDP,,INORG_RCY_OS,CO2e,,2038,,,,,,,0.0,,,,,,,,,,,,,,,
207,1,DDP,,INORG_RCY_OS,CO2e,,2039,,,,,,,0.0,,,,,,,,,,,,,,,
207,1,DDP,,INORG_RCY_OS,CO2e,,2040,,,,,,,0.0,,,,,,,,,,,,,,,
207,1,DDP,,INORG_RCY_OS,CO2e,,2041,,,,,,,0.0,,,,,,,,,,,,,,,
207,1,DDP,,INORG_RCY_OS,CO2e,,2042,,,,,,,0.0,,,,,,,,,,,,,,,
207,1,DDP,,INORG_RCY_OS,CO2e,,2043,,,,,,,0.0,,,,,,,,,,,,,,,
207,1,DDP,,INORG_RCY_OS,CO2e,,2044,,,,,,,0.0,,,,,,,,,,,,,,,
207,1,DDP,,INORG_RCY_OS,CO2e,,2045,,,,,,,0.0,,,,,,,,,,,,,,,
207,1,DDP,,INORG_RCY_OS,CO2e,,2046,,,,,,,0.0,,,,,,,,,,,,,,,
207,1,DDP,,INORG_RCY_OS,CO2e,,2047,,,,,,,0.0,,,,,,,,,,,,,,,
207,1,DDP,,INORG_RCY_OS,CO2e,,2048,,,,,,,0.0,,,,,,,,,,,,,,,
207,1,DDP,,INORG_RCY_OS,CO2e,,2049,,,,,,,0.0,,,,,,,,,,,,,,,
207,1,DDP,,INORG_RCY_OS,CO2e,,2050,,,,,,,0.0,,,,,,,,,,,,,,,
207,1,DDP,,INORG_RCY_OS,CO2e,,2051,,,,,,,0.0,,,,,,,,,,,,,,,
207,1,DDP,,INORG_RCY_OS,CO2e,,2052,,,,,,,0.0,,,,,,,,,,,,,,,
207,1,DDP,,INORG_RCY_OS,CO2e,,2053,,,,,,,0.0,,,,,,,,,,,,,,,
207,1,DDP,,INORG_RCY_OS,CO2e,,2054,,,,,,,0.0,,,,,,,,,,,,,,,
207,1,DDP,,INORG_RCY_OS,CO2e,,2055,,,,,,,0.0,,,,,,,,,,,,,,,
207,1,DDP,,INORG_RCY_OS,CO2e,,2056,,,,,,,0.0,,,,,,,,,,,,,,,
207,1,DDP,,INORG_RCY_OS,CO2e,,2057,,,,,,,0.0,,,,,,,,,,,,,,,
207,1,DDP,,INORG_RCY_OS,CO2e,,2058,,,,,,,0.0,,,,,,,,,,,,,,,
207,1,DDP,,INORG_RCY_OS,CO2e,,2059,,,,,,,0.0,,,,,,,,,,,,,,,
207,1,DDP,,INORG_RCY_OS,CO2e,,2060,,,,,,,0.0,,,,,,,,,,,,,,,
207,1,DDP,,INORG_RCY_OS,CO2e,,2061,,,,,,,0.0,,,,,,,,,,,,,,,
207,1,DDP,,INORG_RCY_OS,CO2e,,2062,,,,,,,0.0,,,,,,,,,,,,,,,
207,1,DDP,,INORG_RCY_OS,CO2e,,2063,,,,,,,0.0,,,,,,,,,,,,,,,
207,1,DDP,,INORG_RCY_OS,CO2e,,2064,,,,,,,0.0,,,,,,,,,,,,,,,
207,1,DDP,,INORG_RCY_OS,CO2e,,2065,,,,,,,0.0,,,,,,,,,,,,,,,
207,1,DDP,,INORG_RCY_OS,CO2e,,2066,,,,,,,0.0,,,,,,,,,,,,,,,
207,1,DDP,,INORG_RCY_OS,CO2e,,2067,,,,,,,0.0,,,,,,,,,,,,,,,
207,1,DDP,,INORG_RCY_OS,CO2e,,2068,,,,,,,0.0,,,,,,,,,,,,,,,
207,1,DDP,,INORG_RCY_OS,CO2e,,2069,,,,,,,0.0,,,,,,,,,,,,,,,
207,1,DDP,,INORG_RCY_OS,CO2e,,2070,,,,,,,0.0,,,,,,,,,,,,,,,
207,1,DDP,,AD,CO2e,,2018,,,,,,,0.0506894922827544,,,,,,,,,,,,,,,
207,1,DDP,,AD,CO2e,,2019,,,,,,,0.0506894922827544,,,,,,,,,,,,,,,
207,1,DDP,,AD,CO2e,,2020,,,,,,,0.0506894922827544,,,,,,,,,,,,,,,
207,1,DDP,,AD,CO2e,,2021,,,,,,,0.0506894922827544,,,,,,,,,,,,,,,
207,1,DDP,,AD,CO2e,,2022,,,,,,,0.0506894922827544,,,,,,,,,,,,,,,
207,1,DDP,,AD,CO2e,,2023,,,,,,,0.0506894922827544,,,,,,,,,,,,,,,
207,1,DDP,,AD,CO2e,,2024,,,,,,,0.0506894922827544,,,,,,,,,,,,,,,
207,1,DDP,,AD,CO2e,,2025,,,,,,,0.0506894922827544,,,,,,,,,,,,,,,
207,1,DDP,,AD,CO2e,,2026,,,,,,,0.0506894922827544,,,,,,,,,,,,,,,
207,1,DDP,,AD,CO2e,,2027,,,,,,,0.0506894922827544,,,,,,,,,,,,,,,
207,1,DDP,,AD,CO2e,,2028,,,,,,,0.0506894922827544,,,,,,,,,,,,,,,
207,1,DDP,,AD,CO2e,,2029,,,,,,,0.0506894922827544,,,,,,,,,,,,,,,
207,1,DDP,,AD,CO2e,,2030,,,,,,,0.0506894922827544,,,,,,,,,,,,,,,
207,1,DDP,,AD,CO2e,,2031,,,,,,,0.0506894922827544,,,,,,,,,,,,,,,
207,1,DDP,,AD,CO2e,,2032,,,,,,,0.0506894922827544,,,,,,,,,,,,,,,
207,1,DDP,,AD,CO2e,,2033,,,,,,,0.0506894922827544,,,,,,,,,,,,,,,
207,1,DDP,,AD,CO2e,,2034,,,,,,,0.0506894922827544,,,,,,,,,,,,,,,
207,1,DDP,,AD,CO2e,,2035,,,,,,,0.0506894922827544,,,,,,,,,,,,,,,
207,1,DDP,,AD,CO2e,,2036,,,,,,,0.0506894922827544,,,,,,,,,,,,,,,
207,1,DDP,,AD,CO2e,,2037,,,,,,,0.0506894922827544,,,,,,,,,,,,,,,
207,1,DDP,,AD,CO2e,,2038,,,,,,,0.0506894922827544,,,,,,,,,,,,,,,
207,1,DDP,,AD,CO2e,,2039,,,,,,,0.0506894922827544,,,,,,,,,,,,,,,
207,1,DDP,,AD,CO2e,,2040,,,,,,,0.0506894922827544,,,,,,,,,,,,,,,
207,1,DDP,,AD,CO2e,,2041,,,,,,,0.0506894922827544,,,,,,,,,,,,,,,
207,1,DDP,,AD,CO2e,,2042,,,,,,,0.0506894922827544,,,,,,,,,,,,,,,
207,1,DDP,,AD,CO2e,,2043,,,,,,,0.0506894922827544,,,,,,,,,,,,,,,
207,1,DDP,,AD,CO2e,,2044,,,,,,,0.0506894922827544,,,,,,,,,,,,,,,
207,1,DDP,,AD,CO2e,,2045,,,,,,,0.0506894922827544,,,,,,,,,,,,,,,
207,1,DDP,,AD,CO2e,,2046,,,,,,,0.0506894922827544,,,,,,,,,,,,,,,
207,1,DDP,,AD,CO2e,,2047,,,,,,,0.0506894922827544,,,,,,,,,,,,,,,
207,1,DDP,,AD,CO2e,,2048,,,,,,,0.0506894922827544,,,,,,,,,,,,,,,
207,1,DDP,,AD,CO2e,,2049,,,,,,,0.0506894922827544,,,,,,,,,,,,,,,
207,1,DDP,,AD,CO2e,,2050,,,,,,,0.0506894922827544,,,,,,,,,,,,,,,
207,1,DDP,,AD,CO2e,,2051,,,,,,,0.0506894922827544,,,,,,,,,,,,,,,
207,1,DDP,,AD,CO2e,,2052,,,,,,,0.0506894922827544,,,,,,,,,,,,,,,
207,1,DDP,,AD,CO2e,,2053,,,,,,,0.0506894922827544,,,,,,,,,,,,,,,
207,1,DDP,,AD,CO2e,,2054,,,,,,,0.0506894922827544,,,,,,,,,,,,,,,
207,1,DDP,,AD,CO2e,,2055,,,,,,,0.0506894922827544,,,,,,,,,,,,,,,
207,1,DDP,,AD,CO2e,,2056,,,,,,,0.0506894922827544,,,,,,,,,,,,,,,
207,1,DDP,,AD,CO2e,,2057,,,,,,,0.0506894922827544,,,,,,,,,,,,,,,
207,1,DDP,,AD,CO2e,,2058,,,,,,,0.0506894922827544,,,,,,,,,,,,,,,
207,1,DDP,,AD,CO2e,,2059,,,,,,,0.0506894922827544,,,,,,,,,,,,,,,
207,1,DDP,,AD,CO2e,,2060,,,,,,,0.0506894922827544,,,,,,,,,,,,,,,
207,1,DDP,,AD,CO2e,,2061,,,,,,,0.0506894922827544,,,,,,,,,,,,,,,
207,1,DDP,,AD,CO2e,,2062,,,,,,,0.0506894922827544,,,,,,,,,,,,,,,
207,1,DDP,,AD,CO2e,,2063,,,,,,,0.0506894922827544,,,,,,,,,,,,,,,
207,1,DDP,,AD,CO2e,,2064,,,,,,,0.0506894922827544,,,,,,,,,,,,,,,
207,1,DDP,,AD,CO2e,,2065,,,,,,,0.0506894922827544,,,,,,,,,,,,,,,
207,1,DDP,,AD,CO2e,,2066,,,,,,,0.0506894922827544,,,,,,,,,,,,,,,
207,1,DDP,,AD,CO2e,,2067,,,,,,,0.0506894922827544,,,,,,,,,,,,,,,
207,1,DDP,,AD,CO2e,,2068,,,,,,,0.0506894922827544,,,,,,,,,,,,,,,
207,1,DDP,,AD,CO2e,,2069,,,,,,,0.0506894922827544,,,,,,,,,,,,,,,
207,1,DDP,,AD,CO2e,,2070,,,,,,,0.0506894922827544,,,,,,,,,,,,,,,
207,1,DDP,,COMPOST,CO2e,,2018,,,,,,,0.0506894922827544,,,,,,,,,,,,,,,
207,1,DDP,,COMPOST,CO2e,,2019,,,,,,,0.0506894922827544,,,,,,,,,,,,,,,
207,1,DDP,,COMPOST,CO2e,,2020,,,,,,,0.0506894922827544,,,,,,,,,,,,,,,
207,1,DDP,,COMPOST,CO2e,,2021,,,,,,,0.0506894922827544,,,,,,,,,,,,,,,
207,1,DDP,,COMPOST,CO2e,,2022,,,,,,,0.0506894922827544,,,,,,,,,,,,,,,
207,1,DDP,,COMPOST,CO2e,,2023,,,,,,,0.0506894922827544,,,,,,,,,,,,,,,
207,1,DDP,,COMPOST,CO2e,,2024,,,,,,,0.0506894922827544,,,,,,,,,,,,,,,
207,1,DDP,,COMPOST,CO2e,,2025,,,,,,,0.0506894922827544,,,,,,,,,,,,,,,
207,1,DDP,,COMPOST,CO2e,,2026,,,,,,,0.0506894922827544,,,,,,,,,,,,,,,
207,1,DDP,,COMPOST,CO2e,,2027,,,,,,,0.0506894922827544,,,,,,,,,,,,,,,
207,1,DDP,,COMPOST,CO2e,,2028,,,,,,,0.0506894922827544,,,,,,,,,,,,,,,
207,1,DDP,,COMPOST,CO2e,,2029,,,,,,,0.0506894922827544,,,,,,,,,,,,,,,
207,1,DDP,,COMPOST,CO2e,,2030,,,,,,,0.0506894922827544,,,,,,,,,,,,,,,
207,1,DDP,,COMPOST,CO2e,,2031,,,,,,,0.0506894922827544,,,,,,,,,,,,,,,
207,1,DDP,,COMPOST,CO2e,,2032,,,,,,,0.0506894922827544,,,,,,,,,,,,,,,
207,1,DDP,,COMPOST,CO2e,,2033,,,,,,,0.0506894922827544,,,,,,,,,,,,,,,
207,1,DDP,,COMPOST,CO2e,,2034,,,,,,,0.0506894922827544,,,,,,,,,,,,,,,
207,1,DDP,,COMPOST,CO2e,,2035,,,,,,,0.0506894922827544,,,,,,,,,,,,,,,
207,1,DDP,,COMPOST,CO2e,,2036,,,,,,,0.0506894922827544,,,,,,,,,,,,,,,
207,1,DDP,,COMPOST,CO2e,,2037,,,,,,,0.0506894922827544,,,,,,,,,,,,,,,
207,1,DDP,,COMPOST,CO2e,,2038,,,,,,,0.0506894922827544,,,,,,,,,,,,,,,
207,1,DDP,,COMPOST,CO2e,,2039,,,,,,,0.0506894922827544,,,,,,,,,,,,,,,
207,1,DDP,,COMPOST,CO2e,,2040,,,,,,,0.0506894922827544,,,,,,,,,,,,,,,
207,1,DDP,,COMPOST,CO2e,,2041,,,,,,,0.0506894922827544,,,,,,,,,,,,,,,
207,1,DDP,,COMPOST,CO2e,,2042,,,,,,,0.0506894922827544,,,,,,,,,,,,,,,
207,1,DDP,,COMPOST,CO2e,,2043,,,,,,,0.0506894922827544,,,,,,,,,,,,,,,
207,1,DDP,,COMPOST,CO2e,,2044,,,,,,,0.0506894922827544,,,,,,,,,,,,,,,
207,1,DDP,,COMPOST,CO2e,,2045,,,,,,,0.0506894922827544,,,,,,,,,,,,,,,
207,1,DDP,,COMPOST,CO2e,,2046,,,,,,,0.0506894922827544,,,,,,,,,,,,,,,
207,1,DDP,,COMPOST,CO2e,,2047,,,,,,,0.0506894922827544,,,,,,,,,,,,,,,
207,1,DDP,,COMPOST,CO2e,,2048,,,,,,,0.0506894922827544,,,,,,,,,,,,,,,
207,1,DDP,,COMPOST,CO2e,,2049,,,,,,,0.0506894922827544,,,,,,,,,,,,,,,
207,1,DDP,,COMPOST,CO2e,,2050,,,,,,,0.0506894922827544,,,,,,,,,,,,,,,
207,1,DDP,,COMPOST,CO2e,,2051,,,,,,,0.0506894922827544,,,,,,,,,,,,,,,
207,1,DDP,,COMPOST,CO2e,,2052,,,,,,,0.0506894922827544,,,,,,,,,,,,,,,
207,1,DDP,,COMPOST,CO2e,,2053,,,,,,,0.0506894922827544,,,,,,,,,,,,,,,
207,1,DDP,,COMPOST,CO2e,,2054,,,,,,,0.0506894922827544,,,,,,,,,,,,,,,
207,1,DDP,,COMPOST,CO2e,,2055,,,,,,,0.0506894922827544,,,,,,,,,,,,,,,
207,1,DDP,,COMPOST,CO2e,,2056,,,,,,,0.0506894922827544,,,,,,,,,,,,,,,
207,1,DDP,,COMPOST,CO2e,,2057,,,,,,,0.0506894922827544,,,,,,,,,,,,,,,
207,1,DDP,,COMPOST,CO2e,,2058,,,,,,,0.0506894922827544,,,,,,,,,,,,,,,
207,1,DDP,,COMPOST,CO2e,,2059,,,,,,,0.0506894922827544,,,,,,,,,,,,,,,
207,1,DDP,,COMPOST,CO2e,,2060,,,,,,,0.0506894922827544,,,,,,,,,,,,,,,
207,1,DDP,,COMPOST,CO2e,,2061,,,,,,,0.0506894922827544,,,,,,,,,,,,,,,
207,1,DDP,,COMPOST,CO2e,,2062,,,,,,,0.0506894922827544,,,,,,,,,,,,,,,
207,1,DDP,,COMPOST,CO2e,,2063,,,,,,,0.0506894922827544,,,,,,,,,,,,,,,
207,1,DDP,,COMPOST,CO2e,,2064,,,,,,,0.0506894922827544,,,,,,,,,,,,,,,
207,1,DDP,,COMPOST,CO2e,,2065,,,,,,,0.0506894922827544,,,,,,,,,,,,,,,
207,1,DDP,,COMPOST,CO2e,,2066,,,,,,,0.0506894922827544,,,,,,,,,,,,,,,
207,1,DDP,,COMPOST,CO2e,,2067,,,,,,,0.0506894922827544,,,,,,,,,,,,,,,
207,1,DDP,,COMPOST,CO2e,,2068,,,,,,,0.0506894922827544,,,,,,,,,,,,,,,
207,1,DDP,,COMPOST,CO2e,,2069,,,,,,,0.0506894922827544,,,,,,,,,,,,,,,
207,1,DDP,,COMPOST,CO2e,,2070,,,,,,,0.0506894922827544,,,,,,,,,,,,,,,
207,1,DDP,,LANDFILL,CO2e,,2018,,,,,,,0.0,,,,,,,,,,,,,,,
207,1,DDP,,LANDFILL,CO2e,,2019,,,,,,,0.0,,,,,,,,,,,,,,,
207,1,DDP,,LANDFILL,CO2e,,2020,,,,,,,0.0,,,,,,,,,,,,,,,
207,1,DDP,,LANDFILL,CO2e,,2021,,,,,,,0.0,,,,,,,,,,,,,,,
207,1,DDP,,LANDFILL,CO2e,,2022,,,,,,,0.0,,,,,,,,,,,,,,,
207,1,DDP,,LANDFILL,CO2e,,2023,,,,,,,0.0,,,,,,,,,,,,,,,
207,1,DDP,,LANDFILL,CO2e,,2024,,,,,,,0.0,,,,,,,,,,,,,,,
207,1,DDP,,LANDFILL,CO2e,,2025,,,,,,,0.0,,,,,,,,,,,,,,,
207,1,DDP,,LANDFILL,CO2e,,2026,,,,,,,0.0,,,,,,,,,,,,,,,
207,1,DDP,,LANDFILL,CO2e,,2027,,,,,,,0.0,,,,,,,,,,,,,,,
207,1,DDP,,LANDFILL,CO2e,,2028,,,,,,,0.0,,,,,,,,,,,,,,,
207,1,DDP,,LANDFILL,CO2e,,2029,,,,,,,0.0,,,,,,,,,,,,,,,
207,1,DDP,,LANDFILL,CO2e,,2030,,,,,,,0.0,,,,,,,,,,,,,,,
207,1,DDP,,LANDFILL,CO2e,,2031,,,,,,,0.0,,,,,,,,,,,,,,,
207,1,DDP,,LANDFILL,CO2e,,2032,,,,,,,0.0,,,,,,,,,,,,,,,
207,1,DDP,,LANDFILL,CO2e,,2033,,,,,,,0.0,,,,,,,,,,,,,,,
207,1,DDP,,LANDFILL,CO2e,,2034,,,,,,,0.0,,,,,,,,,,,,,,,
207,1,DDP,,LANDFILL,CO2e,,2035,,,,,,,0.0,,,,,,,,,,,,,,,
207,1,DDP,,LANDFILL,CO2e,,2036,,,,,,,0.0,,,,,,,,,,,,,,,
207,1,DDP,,LANDFILL,CO2e,,2037,,,,,,,0.0,,,,,,,,,,,,,,,
207,1,DDP,,LANDFILL,CO2e,,2038,,,,,,,0.0,,,,,,,,,,,,,,,
207,1,DDP,,LANDFILL,CO2e,,2039,,,,,,,0.0,,,,,,,,,,,,,,,
207,1,DDP,,LANDFILL,CO2e,,2040,,,,,,,0.0,,,,,,,,,,,,,,,
207,1,DDP,,LANDFILL,CO2e,,2041,,,,,,,0.0,,,,,,,,,,,,,,,
207,1,DDP,,LANDFILL,CO2e,,2042,,,,,,,0.0,,,,,,,,,,,,,,,
207,1,DDP,,LANDFILL,CO2e,,2043,,,,,,,0.0,,,,,,,,,,,,,,,
207,1,DDP,,LANDFILL,CO2e,,2044,,,,,,,0.0,,,,,,,,,,,,,,,
207,1,DDP,,LANDFILL,CO2e,,2045,,,,,,,0.0,,,,,,,,,,,,,,,
207,1,DDP,,LANDFILL,CO2e,,2046,,,,,,,0.0,,,,,,,,,,,,,,,
207,1,DDP,,LANDFILL,CO2e,,2047,,,,,,,0.0,,,,,,,,,,,,,,,
207,1,DDP,,LANDFILL,CO2e,,2048,,,,,,,0.0,,,,,,,,,,,,,,,
207,1,DDP,,LANDFILL,CO2e,,2049,,,,,,,0.0,,,,,,,,,,,,,,,
207,1,DDP,,LANDFILL,CO2e,,2050,,,,,,,0.0,,,,,,,,,,,,,,,
207,1,DDP,,LANDFILL,CO2e,,2051,,,,,,,0.0,,,,,,,,,,,,,,,
207,1,DDP,,LANDFILL,CO2e,,2052,,,,,,,0.0,,,,,,,,,,,,,,,
207,1,DDP,,LANDFILL,CO2e,,2053,,,,,,,0.0,,,,,,,,,,,,,,,
207,1,DDP,,LANDFILL,CO2e,,2054,,,,,,,0.0,,,,,,,,,,,,,,,
207,1,DDP,,LANDFILL,CO2e,,2055,,,,,,,0.0,,,,,,,,,,,,,,,
207,1,DDP,,LANDFILL,CO2e,,2056,,,,,,,0.0,,,,,,,,,,,,,,,
207,1,DDP,,LANDFILL,CO2e,,2057,,,,,,,0.0,,,,,,,,,,,,,,,
207,1,DDP,,LANDFILL,CO2e,,2058,,,,,,,0.0,,,,,,,,,,,,,,,
207,1,DDP,,LANDFILL,CO2e,,2059,,,,,,,0.0,,,,,,,,,,,,,,,
207,1,DDP,,LANDFILL,CO2e,,2060,,,,,,,0.0,,,,,,,,,,,,,,,
207,1,DDP,,LANDFILL,CO2e,,2061,,,,,,,0.0,,,,,,,,,,,,,,,
207,1,DDP,,LANDFILL,CO2e,,2062,,,,,,,0.0,,,,,,,,,,,,,,,
207,1,DDP,,LANDFILL,CO2e,,2063,,,,,,,0.0,,,,,,,,,,,,,,,
207,1,DDP,,LANDFILL,CO2e,,2064,,,,,,,0.0,,,,,,,,,,,,,,,
207,1,DDP,,LANDFILL,CO2e,,2065,,,,,,,0.0,,,,,,,,,,,,,,,
207,1,DDP,,LANDFILL,CO2e,,2066,,,,,,,0.0,,,,,,,,,,,,,,,
207,1,DDP,,LANDFILL,CO2e,,2067,,,,,,,0.0,,,,,,,,,,,,,,,
207,1,DDP,,LANDFILL,CO2e,,2068,,,,,,,0.0,,,,,,,,,,,,,,,
207,1,DDP,,LANDFILL,CO2e,,2069,,,,,,,0.0,,,,,,,,,,,,,,,
207,1,DDP,,LANDFILL,CO2e,,2070,,,,,,,0.0,,,,,,,,,,,,,,,
207,1,DDP,,NO_CONTR_OD,CO2e,,2018,,,,,,,0.0,,,,,,,,,,,,,,,
207,1,DDP,,NO_CONTR_OD,CO2e,,2019,,,,,,,0.0,,,,,,,,,,,,,,,
207,1,DDP,,NO_CONTR_OD,CO2e,,2020,,,,,,,0.0,,,,,,,,,,,,,,,
207,1,DDP,,NO_CONTR_OD,CO2e,,2021,,,,,,,0.0,,,,,,,,,,,,,,,
207,1,DDP,,NO_CONTR_OD,CO2e,,2022,,,,,,,0.0,,,,,,,,,,,,,,,
207,1,DDP,,NO_CONTR_OD,CO2e,,2023,,,,,,,0.0,,,,,,,,,,,,,,,
207,1,DDP,,NO_CONTR_OD,CO2e,,2024,,,,,,,0.0,,,,,,,,,,,,,,,
207,1,DDP,,NO_CONTR_OD,CO2e,,2025,,,,,,,0.0,,,,,,,,,,,,,,,
207,1,DDP,,NO_CONTR_OD,CO2e,,2026,,,,,,,0.0,,,,,,,,,,,,,,,
207,1,DDP,,NO_CONTR_OD,CO2e,,2027,,,,,,,0.0,,,,,,,,,,,,,,,
207,1,DDP,,NO_CONTR_OD,CO2e,,2028,,,,,,,0.0,,,,,,,,,,,,,,,
207,1,DDP,,NO_CONTR_OD,CO2e,,2029,,,,,,,0.0,,,,,,,,,,,,,,,
207,1,DDP,,NO_CONTR_OD,CO2e,,2030,,,,,,,0.0,,,,,,,,,,,,,,,
207,1,DDP,,NO_CONTR_OD,CO2e,,2031,,,,,,,0.0,,,,,,,,,,,,,,,
207,1,DDP,,NO_CONTR_OD,CO2e,,2032,,,,,,,0.0,,,,,,,,,,,,,,,
207,1,DDP,,NO_CONTR_OD,CO2e,,2033,,,,,,,0.0,,,,,,,,,,,,,,,
207,1,DDP,,NO_CONTR_OD,CO2e,,2034,,,,,,,0.0,,,,,,,,,,,,,,,
207,1,DDP,,NO_CONTR_OD,CO2e,,2035,,,,,,,0.0,,,,,,,,,,,,,,,
207,1,DDP,,NO_CONTR_OD,CO2e,,2036,,,,,,,0.0,,,,,,,,,,,,,,,
207,1,DDP,,NO_CONTR_OD,CO2e,,2037,,,,,,,0.0,,,,,,,,,,,,,,,
207,1,DDP,,NO_CONTR_OD,CO2e,,2038,,,,,,,0.0,,,,,,,,,,,,,,,
207,1,DDP,,NO_CONTR_OD,CO2e,,2039,,,,,,,0.0,,,,,,,,,,,,,,,
207,1,DDP,,NO_CONTR_OD,CO2e,,2040,,,,,,,0.0,,,,,,,,,,,,,,,
207,1,DDP,,NO_CONTR_OD,CO2e,,2041,,,,,,,0.0,,,,,,,,,,,,,,,
207,1,DDP,,NO_CONTR_OD,CO2e,,2042,,,,,,,0.0,,,,,,,,,,,,,,,
207,1,DDP,,NO_CONTR_OD,CO2e,,2043,,,,,,,0.0,,,,,,,,,,,,,,,
207,1,DDP,,NO_CONTR_OD,CO2e,,2044,,,,,,,0.0,,,,,,,,,,,,,,,
207,1,DDP,,NO_CONTR_OD,CO2e,,2045,,,,,,,0.0,,,,,,,,,,,,,,,
207,1,DDP,,NO_CONTR_OD,CO2e,,2046,,,,,,,0.0,,,,,,,,,,,,,,,
207,1,DDP,,NO_CONTR_OD,CO2e,,2047,,,,,,,0.0,,,,,,,,,,,,,,,
207,1,DDP,,NO_CONTR_OD,CO2e,,2048,,,,,,,0.0,,,,,,,,,,,,,,,
207,1,DDP,,NO_CONTR_OD,CO2e,,2049,,,,,,,0.0,,,,,,,,,,,,,,,
207,1,DDP,,NO_CONTR_OD,CO2e,,2050,,,,,,,0.0,,,,,,,,,,,,,,,
207,1,DDP,,NO_CONTR_OD,CO2e,,2051,,,,,,,0.0,,,,,,,,,,,,,,,
207,1,DDP,,NO_CONTR_OD,CO2e,,2052,,,,,,,0.0,,,,,,,,,,,,,,,
207,1,DDP,,NO_CONTR_OD,CO2e,,2053,,,,,,,0.0,,,,,,,,,,,,,,,
207,1,DDP,,NO_CONTR_OD,CO2e,,2054,,,,,,,0.0,,,,,,,,,,,,,,,
207,1,DDP,,NO_CONTR_OD,CO2e,,2055,,,,,,,0.0,,,,,,,,,,,,,,,
207,1,DDP,,NO_CONTR_OD,CO2e,,2056,,,,,,,0.0,,,,,,,,,,,,,,,
207,1,DDP,,NO_CONTR_OD,CO2e,,2057,,,,,,,0.0,,,,,,,,,,,,,,,
207,1,DDP,,NO_CONTR_OD,CO2e,,2058,,,,,,,0.0,,,,,,,,,,,,,,,
207,1,DDP,,NO_CONTR_OD,CO2e,,2059,,,,,,,0.0,,,,,,,,,,,,,,,
207,1,DDP,,NO_CONTR_OD,CO2e,,2060,,,,,,,0.0,,,,,,,,,,,,,,,
207,1,DDP,,NO_CONTR_OD,CO2e,,2061,,,,,,,0.0,,,,,,,,,,,,,,,
207,1,DDP,,NO_CONTR_OD,CO2e,,2062,,,,,,,0.0,,,,,,,,,,,,,,,
207,1,DDP,,NO_CONTR_OD,CO2e,,2063,,,,,,,0.0,,,,,,,,,,,,,,,
207,1,DDP,,NO_CONTR_OD,CO2e,,2064,,,,,,,0.0,,,,,,,,,,,,,,,
207,1,DDP,,NO_CONTR_OD,CO2e,,2065,,,,,,,0.0,,,,,,,,,,,,,,,
207,1,DDP,,NO_CONTR_OD,CO2e,,2066,,,,,,,0.0,,,,,,,,,,,,,,,
207,1,DDP,,NO_CONTR_OD,CO2e,,2067,,,,,,,0.0,,,,,,,,,,,,,,,
207,1,DDP,,NO_CONTR_OD,CO2e,,2068,,,,,,,0.0,,,,,,,,,,,,,,,
207,1,DDP,,NO_CONTR_OD,CO2e,,2069,,,,,,,0.0,,,,,,,,,,,,,,,
207,1,DDP,,NO_CONTR_OD,CO2e,,2070,,,,,,,0.0,,,,,,,,,,,,,,,
207,1,DDP,,WWWOT,CO2e,,2018,,,,,,,0.0,,,,,,,,,,,,,,,
207,1,DDP,,WWWOT,CO2e,,2019,,,,,,,0.0,,,,,,,,,,,,,,,
207,1,DDP,,WWWOT,CO2e,,2020,,,,,,,0.0,,,,,,,,,,,,,,,
207,1,DDP,,WWWOT,CO2e,,2021,,,,,,,0.0,,,,,,,,,,,,,,,
207,1,DDP,,WWWOT,CO2e,,2022,,,,,,,0.0,,,,,,,,,,,,,,,
207,1,DDP,,WWWOT,CO2e,,2023,,,,,,,0.0,,,,,,,,,,,,,,,
207,1,DDP,,WWWOT,CO2e,,2024,,,,,,,0.0,,,,,,,,,,,,,,,
207,1,DDP,,WWWOT,CO2e,,2025,,,,,,,0.0,,,,,,,,,,,,,,,
207,1,DDP,,WWWOT,CO2e,,2026,,,,,,,0.0,,,,,,,,,,,,,,,
207,1,DDP,,WWWOT,CO2e,,2027,,,,,,,0.0,,,,,,,,,,,,,,,
207,1,DDP,,WWWOT,CO2e,,2028,,,,,,,0.0,,,,,,,,,,,,,,,
207,1,DDP,,WWWOT,CO2e,,2029,,,,,,,0.0,,,,,,,,,,,,,,,
207,1,DDP,,WWWOT,CO2e,,2030,,,,,,,0.0,,,,,,,,,,,,,,,
207,1,DDP,,WWWOT,CO2e,,2031,,,,,,,0.0,,,,,,,,,,,,,,,
207,1,DDP,,WWWOT,CO2e,,2032,,,,,,,0.0,,,,,,,,,,,,,,,
207,1,DDP,,WWWOT,CO2e,,2033,,,,,,,0.0,,,,,,,,,,,,,,,
207,1,DDP,,WWWOT,CO2e,,2034,,,,,,,0.0,,,,,,,,,,,,,,,
207,1,DDP,,WWWOT,CO2e,,2035,,,,,,,0.0,,,,,,,,,,,,,,,
207,1,DDP,,WWWOT,CO2e,,2036,,,,,,,0.0,,,,,,,,,,,,,,,
207,1,DDP,,WWWOT,CO2e,,2037,,,,,,,0.0,,,,,,,,,,,,,,,
207,1,DDP,,WWWOT,CO2e,,2038,,,,,,,0.0,,,,,,,,,,,,,,,
207,1,DDP,,WWWOT,CO2e,,2039,,,,,,,0.0,,,,,,,,,,,,,,,
207,1,DDP,,WWWOT,CO2e,,2040,,,,,,,0.0,,,,,,,,,,,,,,,
207,1,DDP,,WWWOT,CO2e,,2041,,,,,,,0.0,,,,,,,,,,,,,,,
207,1,DDP,,WWWOT,CO2e,,2042,,,,,,,0.0,,,,,,,,,,,,,,,
207,1,DDP,,WWWOT,CO2e,,2043,,,,,,,0.0,,,,,,,,,,,,,,,
207,1,DDP,,WWWOT,CO2e,,2044,,,,,,,0.0,,,,,,,,,,,,,,,
207,1,DDP,,WWWOT,CO2e,,2045,,,,,,,0.0,,,,,,,,,,,,,,,
207,1,DDP,,WWWOT,CO2e,,2046,,,,,,,0.0,,,,,,,,,,,,,,,
207,1,DDP,,WWWOT,CO2e,,2047,,,,,,,0.0,,,,,,,,,,,,,,,
207,1,DDP,,WWWOT,CO2e,,2048,,,,,,,0.0,,,,,,,,,,,,,,,
207,1,DDP,,WWWOT,CO2e,,2049,,,,,,,0.0,,,,,,,,,,,,,,,
207,1,DDP,,WWWOT,CO2e,,2050,,,,,,,0.0,,,,,,,,,,,,,,,
207,1,DDP,,WWWOT,CO2e,,2051,,,,,,,0.0,,,,,,,,,,,,,,,
207,1,DDP,,WWWOT,CO2e,,2052,,,,,,,0.0,,,,,,,,,,,,,,,
207,1,DDP,,WWWOT,CO2e,,2053,,,,,,,0.0,,,,,,,,,,,,,,,
207,1,DDP,,WWWOT,CO2e,,2054,,,,,,,0.0,,,,,,,,,,,,,,,
207,1,DDP,,WWWOT,CO2e,,2055,,,,,,,0.0,,,,,,,,,,,,,,,
207,1,DDP,,WWWOT,CO2e,,2056,,,,,,,0.0,,,,,,,,,,,,,,,
207,1,DDP,,WWWOT,CO2e,,2057,,,,,,,0.0,,,,,,,,,,,,,,,
207,1,DDP,,WWWOT,CO2e,,2058,,,,,,,0.0,,,,,,,,,,,,,,,
207,1,DDP,,WWWOT,CO2e,,2059,,,,,,,0.0,,,,,,,,,,,,,,,
207,1,DDP,,WWWOT,CO2e,,2060,,,,,,,0.0,,,,,,,,,,,,,,,
207,1,DDP,,WWWOT,CO2e,,2061,,,,,,,0.0,,,,,,,,,,,,,,,
207,1,DDP,,WWWOT,CO2e,,2062,,,,,,,0.0,,,,,,,,,,,,,,,
207,1,DDP,,WWWOT,CO2e,,2063,,,,,,,0.0,,,,,,,,,,,,,,,
207,1,DDP,,WWWOT,CO2e,,2064,,,,,,,0.0,,,,,,,,,,,,,,,
207,1,DDP,,WWWOT,CO2e,,2065,,,,,,,0.0,,,,,,,,,,,,,,,
207,1,DDP,,WWWOT,CO2e,,2066,,,,,,,0.0,,,,,,,,,,,,,,,
207,1,DDP,,WWWOT,CO2e,,2067,,,,,,,0.0,,,,,,,,,,,,,,,
207,1,DDP,,WWWOT,CO2e,,2068,,,,,,,0.0,,,,,,,,,,,,,,,
207,1,DDP,,WWWOT,CO2e,,2069,,,,,,,0.0,,,,,,,,,,,,,,,
207,1,DDP,,WWWOT,CO2e,,2070,,,,,,,0.0,,,,,,,,,,,,,,,
207,1,DDP,,WWWT,CO2e,,2018,,,,,,,0.0,,,,,,,,,,,,,,,
207,1,DDP,,WWWT,CO2e,,2019,,,,,,,0.0,,,,,,,,,,,,,,,
207,1,DDP,,WWWT,CO2e,,2020,,,,,,,0.0,,,,,,,,,,,,,,,
207,1,DDP,,WWWT,CO2e,,2021,,,,,,,0.0,,,,,,,,,,,,,,,
207,1,DDP,,WWWT,CO2e,,2022,,,,,,,0.0,,,,,,,,,,,,,,,
207,1,DDP,,WWWT,CO2e,,2023,,,,,,,0.0,,,,,,,,,,,,,,,
207,1,DDP,,WWWT,CO2e,,2024,,,,,,,0.0,,,,,,,,,,,,,,,
207,1,DDP,,WWWT,CO2e,,2025,,,,,,,0.0,,,,,,,,,,,,,,,
207,1,DDP,,WWWT,CO2e,,2026,,,,,,,0.0,,,,,,,,,,,,,,,
207,1,DDP,,WWWT,CO2e,,2027,,,,,,,0.0,,,,,,,,,,,,,,,
207,1,DDP,,WWWT,CO2e,,2028,,,,,,,0.0,,,,,,,,,,,,,,,
207,1,DDP,,WWWT,CO2e,,2029,,,,,,,0.0,,,,,,,,,,,,,,,
207,1,DDP,,WWWT,CO2e,,2030,,,,,,,0.0,,,,,,,,,,,,,,,
207,1,DDP,,WWWT,CO2e,,2031,,,,,,,0.0,,,,,,,,,,,,,,,
207,1,DDP,,WWWT,CO2e,,2032,,,,,,,0.0,,,,,,,,,,,,,,,
207,1,DDP,,WWWT,CO2e,,2033,,,,,,,0.0,,,,,,,,,,,,,,,
207,1,DDP,,WWWT,CO2e,,2034,,,,,,,0.0,,,,,,,,,,,,,,,
207,1,DDP,,WWWT,CO2e,,2035,,,,,,,0.0,,,,,,,,,,,,,,,
207,1,DDP,,WWWT,CO2e,,2036,,,,,,,0.0,,,,,,,,,,,,,,,
207,1,DDP,,WWWT,CO2e,,2037,,,,,,,0.0,,,,,,,,,,,,,,,
207,1,DDP,,WWWT,CO2e,,2038,,,,,,,0.0,,,,,,,,,,,,,,,
207,1,DDP,,WWWT,CO2e,,2039,,,,,,,0.0,,,,,,,,,,,,,,,
207,1,DDP,,WWWT,CO2e,,2040,,,,,,,0.0,,,,,,,,,,,,,,,
207,1,DDP,,WWWT,CO2e,,2041,,,,,,,0.0,,,,,,,,,,,,,,,
207,1,DDP,,WWWT,CO2e,,2042,,,,,,,0.0,,,,,,,,,,,,,,,
207,1,DDP,,WWWT,CO2e,,2043,,,,,,,0.0,,,,,,,,,,,,,,,
207,1,DDP,,WWWT,CO2e,,2044,,,,,,,0.0,,,,,,,,,,,,,,,
207,1,DDP,,WWWT,CO2e,,2045,,,,,,,0.0,,,,,,,,,,,,,,,
207,1,DDP,,WWWT,CO2e,,2046,,,,,,,0.0,,,,,,,,,,,,,,,
207,1,DDP,,WWWT,CO2e,,2047,,,,,,,0.0,,,,,,,,,,,,,,,
207,1,DDP,,WWWT,CO2e,,2048,,,,,,,0.0,,,,,,,,,,,,,,,
207,1,DDP,,WWWT,CO2e,,2049,,,,,,,0.0,,,,,,,,,,,,,,,
207,1,DDP,,WWWT,CO2e,,2050,,,,,,,0.0,,,,,,,,,,,,,,,
207,1,DDP,,WWWT,CO2e,,2051,,,,,,,0.0,,,,,,,,,,,,,,,
207,1,DDP,,WWWT,CO2e,,2052,,,,,,,0.0,,,,,,,,,,,,,,,
207,1,DDP,,WWWT,CO2e,,2053,,,,,,,0.0,,,,,,,,,,,,,,,
207,1,DDP,,WWWT,CO2e,,2054,,,,,,,0.0,,,,,,,,,,,,,,,
207,1,DDP,,WWWT,CO2e,,2055,,,,,,,0.0,,,,,,,,,,,,,,,
207,1,DDP,,WWWT,CO2e,,2056,,,,,,,0.0,,,,,,,,,,,,,,,
207,1,DDP,,WWWT,CO2e,,2057,,,,,,,0.0,,,,,,,,,,,,,,,
207,1,DDP,,WWWT,CO2e,,2058,,,,,,,0.0,,,,,,,,,,,,,,,
207,1,DDP,,WWWT,CO2e,,2059,,,,,,,0.0,,,,,,,,,,,,,,,
207,1,DDP,,WWWT,CO2e,,2060,,,,,,,0.0,,,,,,,,,,,,,,,
207,1,DDP,,WWWT,CO2e,,2061,,,,,,,0.0,,,,,,,,,,,,,,,
207,1,DDP,,WWWT,CO2e,,2062,,,,,,,0.0,,,,,,,,,,,,,,,
207,1,DDP,,WWWT,CO2e,,2063,,,,,,,0.0,,,,,,,,,,,,,,,
207,1,DDP,,WWWT,CO2e,,2064,,,,,,,0.0,,,,,,,,,,,,,,,
207,1,DDP,,WWWT,CO2e,,2065,,,,,,,0.0,,,,,,,,,,,,,,,
207,1,DDP,,WWWT,CO2e,,2066,,,,,,,0.0,,,,,,,,,,,,,,,
207,1,DDP,,WWWT,CO2e,,2067,,,,,,,0.0,,,,,,,,,,,,,,,
207,1,DDP,,WWWT,CO2e,,2068,,,,,,,0.0,,,,,,,,,,,,,,,
207,1,DDP,,WWWT,CO2e,,2069,,,,,,,0.0,,,,,,,,,,,,,,,
207,1,DDP,,WWWT,CO2e,,2070,,,,,,,0.0,,,,,,,,,,,,,,,
207,1,DDP,,WFIRU,CO2e,,2018,,,,,,,0.0,,,,,,,,,,,,,,,
207,1,DDP,,WFIRU,CO2e,,2019,,,,,,,0.0,,,,,,,,,,,,,,,
207,1,DDP,,WFIRU,CO2e,,2020,,,,,,,0.0,,,,,,,,,,,,,,,
207,1,DDP,,WFIRU,CO2e,,2021,,,,,,,0.0,,,,,,,,,,,,,,,
207,1,DDP,,WFIRU,CO2e,,2022,,,,,,,0.0,,,,,,,,,,,,,,,
207,1,DDP,,WFIRU,CO2e,,2023,,,,,,,0.0,,,,,,,,,,,,,,,
207,1,DDP,,WFIRU,CO2e,,2024,,,,,,,0.0,,,,,,,,,,,,,,,
207,1,DDP,,WFIRU,CO2e,,2025,,,,,,,0.0,,,,,,,,,,,,,,,
207,1,DDP,,WFIRU,CO2e,,2026,,,,,,,0.0,,,,,,,,,,,,,,,
207,1,DDP,,WFIRU,CO2e,,2027,,,,,,,0.0,,,,,,,,,,,,,,,
207,1,DDP,,WFIRU,CO2e,,2028,,,,,,,0.0,,,,,,,,,,,,,,,
207,1,DDP,,WFIRU,CO2e,,2029,,,,,,,0.0,,,,,,,,,,,,,,,
207,1,DDP,,WFIRU,CO2e,,2030,,,,,,,0.0,,,,,,,,,,,,,,,
207,1,DDP,,WFIRU,CO2e,,2031,,,,,,,0.0,,,,,,,,,,,,,,,
207,1,DDP,,WFIRU,CO2e,,2032,,,,,,,0.0,,,,,,,,,,,,,,,
207,1,DDP,,WFIRU,CO2e,,2033,,,,,,,0.0,,,,,,,,,,,,,,,
207,1,DDP,,WFIRU,CO2e,,2034,,,,,,,0.0,,,,,,,,,,,,,,,
207,1,DDP,,WFIRU,CO2e,,2035,,,,,,,0.0,,,,,,,,,,,,,,,
207,1,DDP,,WFIRU,CO2e,,2036,,,,,,,0.0,,,,,,,,,,,,,,,
207,1,DDP,,WFIRU,CO2e,,2037,,,,,,,0.0,,,,,,,,,,,,,,,
207,1,DDP,,WFIRU,CO2e,,2038,,,,,,,0.0,,,,,,,,,,,,,,,
207,1,DDP,,WFIRU,CO2e,,2039,,,,,,,0.0,,,,,,,,,,,,,,,
207,1,DDP,,WFIRU,CO2e,,2040,,,,,,,0.0,,,,,,,,,,,,,,,
207,1,DDP,,WFIRU,CO2e,,2041,,,,,,,0.0,,,,,,,,,,,,,,,
207,1,DDP,,WFIRU,CO2e,,2042,,,,,,,0.0,,,,,,,,,,,,,,,
207,1,DDP,,WFIRU,CO2e,,2043,,,,,,,0.0,,,,,,,,,,,,,,,
207,1,DDP,,WFIRU,CO2e,,2044,,,,,,,0.0,,,,,,,,,,,,,,,
207,1,DDP,,WFIRU,CO2e,,2045,,,,,,,0.0,,,,,,,,,,,,,,,
207,1,DDP,,WFIRU,CO2e,,2046,,,,,,,0.0,,,,,,,,,,,,,,,
207,1,DDP,,WFIRU,CO2e,,2047,,,,,,,0.0,,,,,,,,,,,,,,,
207,1,DDP,,WFIRU,CO2e,,2048,,,,,,,0.0,,,,,,,,,,,,,,,
207,1,DDP,,WFIRU,CO2e,,2049,,,,,,,0.0,,,,,,,,,,,,,,,
207,1,DDP,,WFIRU,CO2e,,2050,,,,,,,0.0,,,,,,,,,,,,,,,
207,1,DDP,,WFIRU,CO2e,,2051,,,,,,,0.0,,,,,,,,,,,,,,,
207,1,DDP,,WFIRU,CO2e,,2052,,,,,,,0.0,,,,,,,,,,,,,,,
207,1,DDP,,WFIRU,CO2e,,2053,,,,,,,0.0,,,,,,,,,,,,,,,
207,1,DDP,,WFIRU,CO2e,,2054,,,,,,,0.0,,,,,,,,,,,,,,,
207,1,DDP,,WFIRU,CO2e,,2055,,,,,,,0.0,,,,,,,,,,,,,,,
207,1,DDP,,WFIRU,CO2e,,2056,,,,,,,0.0,,,,,,,,,,,,,,,
207,1,DDP,,WFIRU,CO2e,,2057,,,,,,,0.0,,,,,,,,,,,,,,,
207,1,DDP,,WFIRU,CO2e,,2058,,,,,,,0.0,,,,,,,,,,,,,,,
207,1,DDP,,WFIRU,CO2e,,2059,,,,,,,0.0,,,,,,,,,,,,,,,
207,1,DDP,,WFIRU,CO2e,,2060,,,,,,,0.0,,,,,,,,,,,,,,,
207,1,DDP,,WFIRU,CO2e,,2061,,,,,,,0.0,,,,,,,,,,,,,,,
207,1,DDP,,WFIRU,CO2e,,2062,,,,,,,0.0,,,,,,,,,,,,,,,
207,1,DDP,,WFIRU,CO2e,,2063,,,,,,,0.0,,,,,,,,,,,,,,,
207,1,DDP,,WFIRU,CO2e,,2064,,,,,,,0.0,,,,,,,,,,,,,,,
207,1,DDP,,WFIRU,CO2e,,2065,,,,,,,0.0,,,,,,,,,,,,,,,
207,1,DDP,,WFIRU,CO2e,,2066,,,,,,,0.0,,,,,,,,,,,,,,,
207,1,DDP,,WFIRU,CO2e,,2067,,,,,,,0.0,,,,,,,,,,,,,,,
207,1,DDP,,WFIRU,CO2e,,2068,,,,,,,0.0,,,,,,,,,,,,,,,
207,1,DDP,,WFIRU,CO2e,,2069,,,,,,,0.0,,,,,,,,,,,,,,,
207,1,DDP,,WFIRU,CO2e,,2070,,,,,,,0.0,,,,,,,,,,,,,,,
207,1,DDP,,OSS_INORG,CO2e,,2018,,,,,,,0.0,,,,,,,,,,,,,,,
207,1,DDP,,OSS_INORG,CO2e,,2019,,,,,,,0.0,,,,,,,,,,,,,,,
207,1,DDP,,OSS_INORG,CO2e,,2020,,,,,,,0.0,,,,,,,,,,,,,,,
207,1,DDP,,OSS_INORG,CO2e,,2021,,,,,,,0.0,,,,,,,,,,,,,,,
207,1,DDP,,OSS_INORG,CO2e,,2022,,,,,,,0.0,,,,,,,,,,,,,,,
207,1,DDP,,OSS_INORG,CO2e,,2023,,,,,,,0.0,,,,,,,,,,,,,,,
207,1,DDP,,OSS_INORG,CO2e,,2024,,,,,,,0.0,,,,,,,,,,,,,,,
207,1,DDP,,OSS_INORG,CO2e,,2025,,,,,,,0.0,,,,,,,,,,,,,,,
207,1,DDP,,OSS_INORG,CO2e,,2026,,,,,,,0.0,,,,,,,,,,,,,,,
207,1,DDP,,OSS_INORG,CO2e,,2027,,,,,,,0.0,,,,,,,,,,,,,,,
207,1,DDP,,OSS_INORG,CO2e,,2028,,,,,,,0.0,,,,,,,,,,,,,,,
207,1,DDP,,OSS_INORG,CO2e,,2029,,,,,,,0.0,,,,,,,,,,,,,,,
207,1,DDP,,OSS_INORG,CO2e,,2030,,,,,,,0.0,,,,,,,,,,,,,,,
207,1,DDP,,OSS_INORG,CO2e,,2031,,,,,,,0.0,,,,,,,,,,,,,,,
207,1,DDP,,OSS_INORG,CO2e,,2032,,,,,,,0.0,,,,,,,,,,,,,,,
207,1,DDP,,OSS_INORG,CO2e,,2033,,,,,,,0.0,,,,,,,,,,,,,,,
207,1,DDP,,OSS_INORG,CO2e,,2034,,,,,,,0.0,,,,,,,,,,,,,,,
207,1,DDP,,OSS_INORG,CO2e,,2035,,,,,,,0.0,,,,,,,,,,,,,,,
207,1,DDP,,OSS_INORG,CO2e,,2036,,,,,,,0.0,,,,,,,,,,,,,,,
207,1,DDP,,OSS_INORG,CO2e,,2037,,,,,,,0.0,,,,,,,,,,,,,,,
207,1,DDP,,OSS_INORG,CO2e,,2038,,,,,,,0.0,,,,,,,,,,,,,,,
207,1,DDP,,OSS_INORG,CO2e,,2039,,,,,,,0.0,,,,,,,,,,,,,,,
207,1,DDP,,OSS_INORG,CO2e,,2040,,,,,,,0.0,,,,,,,,,,,,,,,
207,1,DDP,,OSS_INORG,CO2e,,2041,,,,,,,0.0,,,,,,,,,,,,,,,
207,1,DDP,,OSS_INORG,CO2e,,2042,,,,,,,0.0,,,,,,,,,,,,,,,
207,1,DDP,,OSS_INORG,CO2e,,2043,,,,,,,0.0,,,,,,,,,,,,,,,
207,1,DDP,,OSS_INORG,CO2e,,2044,,,,,,,0.0,,,,,,,,,,,,,,,
207,1,DDP,,OSS_INORG,CO2e,,2045,,,,,,,0.0,,,,,,,,,,,,,,,
207,1,DDP,,OSS_INORG,CO2e,,2046,,,,,,,0.0,,,,,,,,,,,,,,,
207,1,DDP,,OSS_INORG,CO2e,,2047,,,,,,,0.0,,,,,,,,,,,,,,,
207,1,DDP,,OSS_INORG,CO2e,,2048,,,,,,,0.0,,,,,,,,,,,,,,,
207,1,DDP,,OSS_INORG,CO2e,,2049,,,,,,,0.0,,,,,,,,,,,,,,,
207,1,DDP,,OSS_INORG,CO2e,,2050,,,,,,,0.0,,,,,,,,,,,,,,,
207,1,DDP,,OSS_INORG,CO2e,,2051,,,,,,,0.0,,,,,,,,,,,,,,,
207,1,DDP,,OSS_INORG,CO2e,,2052,,,,,,,0.0,,,,,,,,,,,,,,,
207,1,DDP,,OSS_INORG,CO2e,,2053,,,,,,,0.0,,,,,,,,,,,,,,,
207,1,DDP,,OSS_INORG,CO2e,,2054,,,,,,,0.0,,,,,,,,,,,,,,,
207,1,DDP,,OSS_INORG,CO2e,,2055,,,,,,,0.0,,,,,,,,,,,,,,,
207,1,DDP,,OSS_INORG,CO2e,,2056,,,,,,,0.0,,,,,,,,,,,,,,,
207,1,DDP,,OSS_INORG,CO2e,,2057,,,,,,,0.0,,,,,,,,,,,,,,,
207,1,DDP,,OSS_INORG,CO2e,,2058,,,,,,,0.0,,,,,,,,,,,,,,,
207,1,DDP,,OSS_INORG,CO2e,,2059,,,,,,,0.0,,,,,,,,,,,,,,,
207,1,DDP,,OSS_INORG,CO2e,,2060,,,,,,,0.0,,,,,,,,,,,,,,,
207,1,DDP,,OSS_INORG,CO2e,,2061,,,,,,,0.0,,,,,,,,,,,,,,,
207,1,DDP,,OSS_INORG,CO2e,,2062,,,,,,,0.0,,,,,,,,,,,,,,,
207,1,DDP,,OSS_INORG,CO2e,,2063,,,,,,,0.0,,,,,,,,,,,,,,,
207,1,DDP,,OSS_INORG,CO2e,,2064,,,,,,,0.0,,,,,,,,,,,,,,,
207,1,DDP,,OSS_INORG,CO2e,,2065,,,,,,,0.0,,,,,,,,,,,,,,,
207,1,DDP,,OSS_INORG,CO2e,,2066,,,,,,,0.0,,,,,,,,,,,,,,,
207,1,DDP,,OSS_INORG,CO2e,,2067,,,,,,,0.0,,,,,,,,,,,,,,,
207,1,DDP,,OSS_INORG,CO2e,,2068,,,,,,,0.0,,,,,,,,,,,,,,,
207,1,DDP,,OSS_INORG,CO2e,,2069,,,,,,,0.0,,,,,,,,,,,,,,,
207,1,DDP,,OSS_INORG,CO2e,,2070,,,,,,,0.0,,,,,,,,,,,,,,,
207,1,DDP,,OSS_ORG,CO2e,,2018,,,,,,,0.0,,,,,,,,,,,,,,,
207,1,DDP,,OSS_ORG,CO2e,,2019,,,,,,,0.0,,,,,,,,,,,,,,,
207,1,DDP,,OSS_ORG,CO2e,,2020,,,,,,,0.0,,,,,,,,,,,,,,,
207,1,DDP,,OSS_ORG,CO2e,,2021,,,,,,,0.0,,,,,,,,,,,,,,,
207,1,DDP,,OSS_ORG,CO2e,,2022,,,,,,,0.0,,,,,,,,,,,,,,,
207,1,DDP,,OSS_ORG,CO2e,,2023,,,,,,,0.0,,,,,,,,,,,,,,,
207,1,DDP,,OSS_ORG,CO2e,,2024,,,,,,,0.0,,,,,,,,,,,,,,,
207,1,DDP,,OSS_ORG,CO2e,,2025,,,,,,,0.0,,,,,,,,,,,,,,,
207,1,DDP,,OSS_ORG,CO2e,,2026,,,,,,,0.0,,,,,,,,,,,,,,,
207,1,DDP,,OSS_ORG,CO2e,,2027,,,,,,,0.0,,,,,,,,,,,,,,,
207,1,DDP,,OSS_ORG,CO2e,,2028,,,,,,,0.0,,,,,,,,,,,,,,,
207,1,DDP,,OSS_ORG,CO2e,,2029,,,,,,,0.0,,,,,,,,,,,,,,,
207,1,DDP,,OSS_ORG,CO2e,,2030,,,,,,,0.0,,,,,,,,,,,,,,,
207,1,DDP,,OSS_ORG,CO2e,,2031,,,,,,,0.0,,,,,,,,,,,,,,,
207,1,DDP,,OSS_ORG,CO2e,,2032,,,,,,,0.0,,,,,,,,,,,,,,,
207,1,DDP,,OSS_ORG,CO2e,,2033,,,,,,,0.0,,,,,,,,,,,,,,,
207,1,DDP,,OSS_ORG,CO2e,,2034,,,,,,,0.0,,,,,,,,,,,,,,,
207,1,DDP,,OSS_ORG,CO2e,,2035,,,,,,,0.0,,,,,,,,,,,,,,,
207,1,DDP,,OSS_ORG,CO2e,,2036,,,,,,,0.0,,,,,,,,,,,,,,,
207,1,DDP,,OSS_ORG,CO2e,,2037,,,,,,,0.0,,,,,,,,,,,,,,,
207,1,DDP,,OSS_ORG,CO2e,,2038,,,,,,,0.0,,,,,,,,,,,,,,,
207,1,DDP,,OSS_ORG,CO2e,,2039,,,,,,,0.0,,,,,,,,,,,,,,,
207,1,DDP,,OSS_ORG,CO2e,,2040,,,,,,,0.0,,,,,,,,,,,,,,,
207,1,DDP,,OSS_ORG,CO2e,,2041,,,,,,,0.0,,,,,,,,,,,,,,,
207,1,DDP,,OSS_ORG,CO2e,,2042,,,,,,,0.0,,,,,,,,,,,,,,,
207,1,DDP,,OSS_ORG,CO2e,,2043,,,,,,,0.0,,,,,,,,,,,,,,,
207,1,DDP,,OSS_ORG,CO2e,,2044,,,,,,,0.0,,,,,,,,,,,,,,,
207,1,DDP,,OSS_ORG,CO2e,,2045,,,,,,,0.0,,,,,,,,,,,,,,,
207,1,DDP,,OSS_ORG,CO2e,,2046,,,,,,,0.0,,,,,,,,,,,,,,,
207,1,DDP,,OSS_ORG,CO2e,,2047,,,,,,,0.0,,,,,,,,,,,,,,,
207,1,DDP,,OSS_ORG,CO2e,,2048,,,,,,,0.0,,,,,,,,,,,,,,,
207,1,DDP,,OSS_ORG,CO2e,,2049,,,,,,,0.0,,,,,,,,,,,,,,,
207,1,DDP,,OSS_ORG,CO2e,,2050,,,,,,,0.0,,,,,,,,,,,,,,,
207,1,DDP,,OSS_ORG,CO2e,,2051,,,,,,,0.0,,,,,,,,,,,,,,,
207,1,DDP,,OSS_ORG,CO2e,,2052,,,,,,,0.0,,,,,,,,,,,,,,,
207,1,DDP,,OSS_ORG,CO2e,,2053,,,,,,,0.0,,,,,,,,,,,,,,,
207,1,DDP,,OSS_ORG,CO2e,,2054,,,,,,,0.0,,,,,,,,,,,,,,,
207,1,DDP,,OSS_ORG,CO2e,,2055,,,,,,,0.0,,,,,,,,,,,,,,,
207,1,DDP,,OSS_ORG,CO2e,,2056,,,,,,,0.0,,,,,,,,,,,,,,,
207,1,DDP,,OSS_ORG,CO2e,,2057,,,,,,,0.0,,,,,,,,,,,,,,,
207,1,DDP,,OSS_ORG,CO2e,,2058,,,,,,,0.0,,,,,,,,,,,,,,,
207,1,DDP,,OSS_ORG,CO2e,,2059,,,,,,,0.0,,,,,,,,,,,,,,,
207,1,DDP,,OSS_ORG,CO2e,,2060,,,,,,,0.0,,,,,,,,,,,,,,,
207,1,DDP,,OSS_ORG,CO2e,,2061,,,,,,,0.0,,,,,,,,,,,,,,,
207,1,DDP,,OSS_ORG,CO2e,,2062,,,,,,,0.0,,,,,,,,,,,,,,,
207,1,DDP,,OSS_ORG,CO2e,,2063,,,,,,,0.0,,,,,,,,,,,,,,,
207,1,DDP,,OSS_ORG,CO2e,,2064,,,,,,,0.0,,,,,,,,,,,,,,,
207,1,DDP,,OSS_ORG,CO2e,,2065,,,,,,,0.0,,,,,,,,,,,,,,,
207,1,DDP,,OSS_ORG,CO2e,,2066,,,,,,,0.0,,,,,,,,,,,,,,,
207,1,DDP,,OSS_ORG,CO2e,,2067,,,,,,,0.0,,,,,,,,,,,,,,,
207,1,DDP,,OSS_ORG,CO2e,,2068,,,,,,,0.0,,,,,,,,,,,,,,,
207,1,DDP,,OSS_ORG,CO2e,,2069,,,,,,,0.0,,,,,,,,,,,,,,,
207,1,DDP,,OSS_ORG,CO2e,,2070,,,,,,,0.0,,,,,,,,,,,,,,,
207,1,DDP,,NO_OSS_BLEND,CO2e,,2018,,,,,,,0.3197252287421153,,,,,,,,,,,,,,,
207,1,DDP,,NO_OSS_BLEND,CO2e,,2019,,,,,,,0.3197252287421153,,,,,,,,,,,,,,,
207,1,DDP,,NO_OSS_BLEND,CO2e,,2020,,,,,,,0.3197252287421153,,,,,,,,,,,,,,,
207,1,DDP,,NO_OSS_BLEND,CO2e,,2021,,,,,,,0.3197252287421153,,,,,,,,,,,,,,,
207,1,DDP,,NO_OSS_BLEND,CO2e,,2022,,,,,,,0.3197252287421153,,,,,,,,,,,,,,,
207,1,DDP,,NO_OSS_BLEND,CO2e,,2023,,,,,,,0.3197252287421153,,,,,,,,,,,,,,,
207,1,DDP,,NO_OSS_BLEND,CO2e,,2024,,,,,,,0.3197252287421153,,,,,,,,,,,,,,,
207,1,DDP,,NO_OSS_BLEND,CO2e,,2025,,,,,,,0.3197252287421153,,,,,,,,,,,,,,,
207,1,DDP,,NO_OSS_BLEND,CO2e,,2026,,,,,,,0.3197252287421153,,,,,,,,,,,,,,,
207,1,DDP,,NO_OSS_BLEND,CO2e,,2027,,,,,,,0.3197252287421153,,,,,,,,,,,,,,,
207,1,DDP,,NO_OSS_BLEND,CO2e,,2028,,,,,,,0.3197252287421153,,,,,,,,,,,,,,,
207,1,DDP,,NO_OSS_BLEND,CO2e,,2029,,,,,,,0.3197252287421153,,,,,,,,,,,,,,,
207,1,DDP,,NO_OSS_BLEND,CO2e,,2030,,,,,,,0.3197252287421153,,,,,,,,,,,,,,,
207,1,DDP,,NO_OSS_BLEND,CO2e,,2031,,,,,,,0.3197252287421153,,,,,,,,,,,,,,,
207,1,DDP,,NO_OSS_BLEND,CO2e,,2032,,,,,,,0.3197252287421153,,,,,,,,,,,,,,,
207,1,DDP,,NO_OSS_BLEND,CO2e,,2033,,,,,,,0.3197252287421153,,,,,,,,,,,,,,,
207,1,DDP,,NO_OSS_BLEND,CO2e,,2034,,,,,,,0.3197252287421153,,,,,,,,,,,,,,,
207,1,DDP,,NO_OSS_BLEND,CO2e,,2035,,,,,,,0.3197252287421153,,,,,,,,,,,,,,,
207,1,DDP,,NO_OSS_BLEND,CO2e,,2036,,,,,,,0.3197252287421153,,,,,,,,,,,,,,,
207,1,DDP,,NO_OSS_BLEND,CO2e,,2037,,,,,,,0.3197252287421153,,,,,,,,,,,,,,,
207,1,DDP,,NO_OSS_BLEND,CO2e,,2038,,,,,,,0.3197252287421153,,,,,,,,,,,,,,,
207,1,DDP,,NO_OSS_BLEND,CO2e,,2039,,,,,,,0.3197252287421153,,,,,,,,,,,,,,,
207,1,DDP,,NO_OSS_BLEND,CO2e,,2040,,,,,,,0.3197252287421153,,,,,,,,,,,,,,,
207,1,DDP,,NO_OSS_BLEND,CO2e,,2041,,,,,,,0.3197252287421153,,,,,,,,,,,,,,,
207,1,DDP,,NO_OSS_BLEND,CO2e,,2042,,,,,,,0.3197252287421153,,,,,,,,,,,,,,,
207,1,DDP,,NO_OSS_BLEND,CO2e,,2043,,,,,,,0.3197252287421153,,,,,,,,,,,,,,,
207,1,DDP,,NO_OSS_BLEND,CO2e,,2044,,,,,,,0.3197252287421153,,,,,,,,,,,,,,,
207,1,DDP,,NO_OSS_BLEND,CO2e,,2045,,,,,,,0.3197252287421153,,,,,,,,,,,,,,,
207,1,DDP,,NO_OSS_BLEND,CO2e,,2046,,,,,,,0.3197252287421153,,,,,,,,,,,,,,,
207,1,DDP,,NO_OSS_BLEND,CO2e,,2047,,,,,,,0.3197252287421153,,,,,,,,,,,,,,,
207,1,DDP,,NO_OSS_BLEND,CO2e,,2048,,,,,,,0.3197252287421153,,,,,,,,,,,,,,,
207,1,DDP,,NO_OSS_BLEND,CO2e,,2049,,,,,,,0.3197252287421153,,,,,,,,,,,,,,,
207,1,DDP,,NO_OSS_BLEND,CO2e,,2050,,,,,,,0.3197252287421153,,,,,,,,,,,,,,,
207,1,DDP,,NO_OSS_BLEND,CO2e,,2051,,,,,,,0.3197252287421153,,,,,,,,,,,,,,,
207,1,DDP,,NO_OSS_BLEND,CO2e,,2052,,,,,,,0.3197252287421153,,,,,,,,,,,,,,,
207,1,DDP,,NO_OSS_BLEND,CO2e,,2053,,,,,,,0.3197252287421153,,,,,,,,,,,,,,,
207,1,DDP,,NO_OSS_BLEND,CO2e,,2054,,,,,,,0.3197252287421153,,,,,,,,,,,,,,,
207,1,DDP,,NO_OSS_BLEND,CO2e,,2055,,,,,,,0.3197252287421153,,,,,,,,,,,,,,,
207,1,DDP,,NO_OSS_BLEND,CO2e,,2056,,,,,,,0.3197252287421153,,,,,,,,,,,,,,,
207,1,DDP,,NO_OSS_BLEND,CO2e,,2057,,,,,,,0.3197252287421153,,,,,,,,,,,,,,,
207,1,DDP,,NO_OSS_BLEND,CO2e,,2058,,,,,,,0.3197252287421153,,,,,,,,,,,,,,,
207,1,DDP,,NO_OSS_BLEND,CO2e,,2059,,,,,,,0.3197252287421153,,,,,,,,,,,,,,,
207,1,DDP,,NO_OSS_BLEND,CO2e,,2060,,,,,,,0.3197252287421153,,,,,,,,,,,,,,,
207,1,DDP,,NO_OSS_BLEND,CO2e,,2061,,,,,,,0.3197252287421153,,,,,,,,,,,,,,,
207,1,DDP,,NO_OSS_BLEND,CO2e,,2062,,,,,,,0.3197252287421153,,,,,,,,,,,,,,,
207,1,DDP,,NO_OSS_BLEND,CO2e,,2063,,,,,,,0.3197252287421153,,,,,,,,,,,,,,,
207,1,DDP,,NO_OSS_BLEND,CO2e,,2064,,,,,,,0.3197252287421153,,,,,,,,,,,,,,,
207,1,DDP,,NO_OSS_BLEND,CO2e,,2065,,,,,,,0.3197252287421153,,,,,,,,,,,,,,,
207,1,DDP,,NO_OSS_BLEND,CO2e,,2066,,,,,,,0.3197252287421153,,,,,,,,,,,,,,,
207,1,DDP,,NO_OSS_BLEND,CO2e,,2067,,,,,,,0.3197252287421153,,,,,,,,,,,,,,,
207,1,DDP,,NO_OSS_BLEND,CO2e,,2068,,,,,,,0.3197252287421153,,,,,,,,,,,,,,,
207,1,DDP,,NO_OSS_BLEND,CO2e,,2069,,,,,,,0.3197252287421153,,,,,,,,,,,,,,,
207,1,DDP,,NO_OSS_BLEND,CO2e,,2070,,,,,,,0.3197252287421153,,,,,,,,,,,,,,,
207,1,DDP,,INORG_DCOLL,CO2e,,2018,,,,,,,0.0,,,,,,,,,,,,,,,
207,1,DDP,,INORG_DCOLL,CO2e,,2019,,,,,,,0.0,,,,,,,,,,,,,,,
207,1,DDP,,INORG_DCOLL,CO2e,,2020,,,,,,,0.0,,,,,,,,,,,,,,,
207,1,DDP,,INORG_DCOLL,CO2e,,2021,,,,,,,0.0,,,,,,,,,,,,,,,
207,1,DDP,,INORG_DCOLL,CO2e,,2022,,,,,,,0.0,,,,,,,,,,,,,,,
207,1,DDP,,INORG_DCOLL,CO2e,,2023,,,,,,,0.0,,,,,,,,,,,,,,,
207,1,DDP,,INORG_DCOLL,CO2e,,2024,,,,,,,0.0,,,,,,,,,,,,,,,
207,1,DDP,,INORG_DCOLL,CO2e,,2025,,,,,,,0.0,,,,,,,,,,,,,,,
207,1,DDP,,INORG_DCOLL,CO2e,,2026,,,,,,,0.0,,,,,,,,,,,,,,,
207,1,DDP,,INORG_DCOLL,CO2e,,2027,,,,,,,0.0,,,,,,,,,,,,,,,
207,1,DDP,,INORG_DCOLL,CO2e,,2028,,,,,,,0.0,,,,,,,,,,,,,,,
207,1,DDP,,INORG_DCOLL,CO2e,,2029,,,,,,,0.0,,,,,,,,,,,,,,,
207,1,DDP,,INORG_DCOLL,CO2e,,2030,,,,,,,0.0,,,,,,,,,,,,,,,
207,1,DDP,,INORG_DCOLL,CO2e,,2031,,,,,,,0.0,,,,,,,,,,,,,,,
207,1,DDP,,INORG_DCOLL,CO2e,,2032,,,,,,,0.0,,,,,,,,,,,,,,,
207,1,DDP,,INORG_DCOLL,CO2e,,2033,,,,,,,0.0,,,,,,,,,,,,,,,
207,1,DDP,,INORG_DCOLL,CO2e,,2034,,,,,,,0.0,,,,,,,,,,,,,,,
207,1,DDP,,INORG_DCOLL,CO2e,,2035,,,,,,,0.0,,,,,,,,,,,,,,,
207,1,DDP,,INORG_DCOLL,CO2e,,2036,,,,,,,0.0,,,,,,,,,,,,,,,
207,1,DDP,,INORG_DCOLL,CO2e,,2037,,,,,,,0.0,,,,,,,,,,,,,,,
207,1,DDP,,INORG_DCOLL,CO2e,,2038,,,,,,,0.0,,,,,,,,,,,,,,,
207,1,DDP,,INORG_DCOLL,CO2e,,2039,,,,,,,0.0,,,,,,,,,,,,,,,
207,1,DDP,,INORG_DCOLL,CO2e,,2040,,,,,,,0.0,,,,,,,,,,,,,,,
207,1,DDP,,INORG_DCOLL,CO2e,,2041,,,,,,,0.0,,,,,,,,,,,,,,,
207,1,DDP,,INORG_DCOLL,CO2e,,2042,,,,,,,0.0,,,,,,,,,,,,,,,
207,1,DDP,,INORG_DCOLL,CO2e,,2043,,,,,,,0.0,,,,,,,,,,,,,,,
207,1,DDP,,INORG_DCOLL,CO2e,,2044,,,,,,,0.0,,,,,,,,,,,,,,,
207,1,DDP,,INORG_DCOLL,CO2e,,2045,,,,,,,0.0,,,,,,,,,,,,,,,
207,1,DDP,,INORG_DCOLL,CO2e,,2046,,,,,,,0.0,,,,,,,,,,,,,,,
207,1,DDP,,INORG_DCOLL,CO2e,,2047,,,,,,,0.0,,,,,,,,,,,,,,,
207,1,DDP,,INORG_DCOLL,CO2e,,2048,,,,,,,0.0,,,,,,,,,,,,,,,
207,1,DDP,,INORG_DCOLL,CO2e,,2049,,,,,,,0.0,,,,,,,,,,,,,,,
207,1,DDP,,INORG_DCOLL,CO2e,,2050,,,,,,,0.0,,,,,,,,,,,,,,,
207,1,DDP,,INORG_DCOLL,CO2e,,2051,,,,,,,0.0,,,,,,,,,,,,,,,
207,1,DDP,,INORG_DCOLL,CO2e,,2052,,,,,,,0.0,,,,,,,,,,,,,,,
207,1,DDP,,INORG_DCOLL,CO2e,,2053,,,,,,,0.0,,,,,,,,,,,,,,,
207,1,DDP,,INORG_DCOLL,CO2e,,2054,,,,,,,0.0,,,,,,,,,,,,,,,
207,1,DDP,,INORG_DCOLL,CO2e,,2055,,,,,,,0.0,,,,,,,,,,,,,,,
207,1,DDP,,INORG_DCOLL,CO2e,,2056,,,,,,,0.0,,,,,,,,,,,,,,,
207,1,DDP,,INORG_DCOLL,CO2e,,2057,,,,,,,0.0,,,,,,,,,,,,,,,
207,1,DDP,,INORG_DCOLL,CO2e,,2058,,,,,,,0.0,,,,,,,,,,,,,,,
207,1,DDP,,INORG_DCOLL,CO2e,,2059,,,,,,,0.0,,,,,,,,,,,,,,,
207,1,DDP,,INORG_DCOLL,CO2e,,2060,,,,,,,0.0,,,,,,,,,,,,,,,
207,1,DDP,,INORG_DCOLL,CO2e,,2061,,,,,,,0.0,,,,,,,,,,,,,,,
207,1,DDP,,INORG_DCOLL,CO2e,,2062,,,,,,,0.0,,,,,,,,,,,,,,,
207,1,DDP,,INORG_DCOLL,CO2e,,2063,,,,,,,0.0,,,,,,,,,,,,,,,
207,1,DDP,,INORG_DCOLL,CO2e,,2064,,,,,,,0.0,,,,,,,,,,,,,,,
207,1,DDP,,INORG_DCOLL,CO2e,,2065,,,,,,,0.0,,,,,,,,,,,,,,,
207,1,DDP,,INORG_DCOLL,CO2e,,2066,,,,,,,0.0,,,,,,,,,,,,,,,
207,1,DDP,,INORG_DCOLL,CO2e,,2067,,,,,,,0.0,,,,,,,,,,,,,,,
207,1,DDP,,INORG_DCOLL,CO2e,,2068,,,,,,,0.0,,,,,,,,,,,,,,,
207,1,DDP,,INORG_DCOLL,CO2e,,2069,,,,,,,0.0,,,,,,,,,,,,,,,
207,1,DDP,,INORG_DCOLL,CO2e,,2070,,,,,,,0.0,,,,,,,,,,,,,,,
207,1,DDP,,ORG_DCOLL,CO2e,,2018,,,,,,,0.0,,,,,,,,,,,,,,,
207,1,DDP,,ORG_DCOLL,CO2e,,2019,,,,,,,0.0,,,,,,,,,,,,,,,
207,1,DDP,,ORG_DCOLL,CO2e,,2020,,,,,,,0.0,,,,,,,,,,,,,,,
207,1,DDP,,ORG_DCOLL,CO2e,,2021,,,,,,,0.0,,,,,,,,,,,,,,,
207,1,DDP,,ORG_DCOLL,CO2e,,2022,,,,,,,0.0,,,,,,,,,,,,,,,
207,1,DDP,,ORG_DCOLL,CO2e,,2023,,,,,,,0.0,,,,,,,,,,,,,,,
207,1,DDP,,ORG_DCOLL,CO2e,,2024,,,,,,,0.0,,,,,,,,,,,,,,,
207,1,DDP,,ORG_DCOLL,CO2e,,2025,,,,,,,0.0,,,,,,,,,,,,,,,
207,1,DDP,,ORG_DCOLL,CO2e,,2026,,,,,,,0.0,,,,,,,,,,,,,,,
207,1,DDP,,ORG_DCOLL,CO2e,,2027,,,,,,,0.0,,,,,,,,,,,,,,,
207,1,DDP,,ORG_DCOLL,CO2e,,2028,,,,,,,0.0,,,,,,,,,,,,,,,
207,1,DDP,,ORG_DCOLL,CO2e,,2029,,,,,,,0.0,,,,,,,,,,,,,,,
207,1,DDP,,ORG_DCOLL,CO2e,,2030,,,,,,,0.0,,,,,,,,,,,,,,,
207,1,DDP,,ORG_DCOLL,CO2e,,2031,,,,,,,0.0,,,,,,,,,,,,,,,
207,1,DDP,,ORG_DCOLL,CO2e,,2032,,,,,,,0.0,,,,,,,,,,,,,,,
207,1,DDP,,ORG_DCOLL,CO2e,,2033,,,,,,,0.0,,,,,,,,,,,,,,,
207,1,DDP,,ORG_DCOLL,CO2e,,2034,,,,,,,0.0,,,,,,,,,,,,,,,
207,1,DDP,,ORG_DCOLL,CO2e,,2035,,,,,,,0.0,,,,,,,,,,,,,,,
207,1,DDP,,ORG_DCOLL,CO2e,,2036,,,,,,,0.0,,,,,,,,,,,,,,,
207,1,DDP,,ORG_DCOLL,CO2e,,2037,,,,,,,0.0,,,,,,,,,,,,,,,
207,1,DDP,,ORG_DCOLL,CO2e,,2038,,,,,,,0.0,,,,,,,,,,,,,,,
207,1,DDP,,ORG_DCOLL,CO2e,,2039,,,,,,,0.0,,,,,,,,,,,,,,,
207,1,DDP,,ORG_DCOLL,CO2e,,2040,,,,,,,0.0,,,,,,,,,,,,,,,
207,1,DDP,,ORG_DCOLL,CO2e,,2041,,,,,,,0.0,,,,,,,,,,,,,,,
207,1,DDP,,ORG_DCOLL,CO2e,,2042,,,,,,,0.0,,,,,,,,,,,,,,,
207,1,DDP,,ORG_DCOLL,CO2e,,2043,,,,,,,0.0,,,,,,,,,,,,,,,
207,1,DDP,,ORG_DCOLL,CO2e,,2044,,,,,,,0.0,,,,,,,,,,,,,,,
207,1,DDP,,ORG_DCOLL,CO2e,,2045,,,,,,,0.0,,,,,,,,,,,,,,,
207,1,DDP,,ORG_DCOLL,CO2e,,2046,,,,,,,0.0,,,,,,,,,,,,,,,
207,1,DDP,,ORG_DCOLL,CO2e,,2047,,,,,,,0.0,,,,,,,,,,,,,,,
207,1,DDP,,ORG_DCOLL,CO2e,,2048,,,,,,,0.0,,,,,,,,,,,,,,,
207,1,DDP,,ORG_DCOLL,CO2e,,2049,,,,,,,0.0,,,,,,,,,,,,,,,
207,1,DDP,,ORG_DCOLL,CO2e,,2050,,,,,,,0.0,,,,,,,,,,,,,,,
207,1,DDP,,ORG_DCOLL,CO2e,,2051,,,,,,,0.0,,,,,,,,,,,,,,,
207,1,DDP,,ORG_DCOLL,CO2e,,2052,,,,,,,0.0,,,,,,,,,,,,,,,
207,1,DDP,,ORG_DCOLL,CO2e,,2053,,,,,,,0.0,,,,,,,,,,,,,,,
207,1,DDP,,ORG_DCOLL,CO2e,,2054,,,,,,,0.0,,,,,,,,,,,,,,,
207,1,DDP,,ORG_DCOLL,CO2e,,2055,,,,,,,0.0,,,,,,,,,,,,,,,
207,1,DDP,,ORG_DCOLL,CO2e,,2056,,,,,,,0.0,,,,,,,,,,,,,,,
207,1,DDP,,ORG_DCOLL,CO2e,,2057,,,,,,,0.0,,,,,,,,,,,,,,,
207,1,DDP,,ORG_DCOLL,CO2e,,2058,,,,,,,0.0,,,,,,,,,,,,,,,
207,1,DDP,,ORG_DCOLL,CO2e,,2059,,,,,,,0.0,,,,,,,,,,,,,,,
207,1,DDP,,ORG_DCOLL,CO2e,,2060,,,,,,,0.0,,,,,,,,,,,,,,,
207,1,DDP,,ORG_DCOLL,CO2e,,2061,,,,,,,0.0,,,,,,,,,,,,,,,
207,1,DDP,,ORG_DCOLL,CO2e,,2062,,,,,,,0.0,,,,,,,,,,,,,,,
207,1,DDP,,ORG_DCOLL,CO2e,,2063,,,,,,,0.0,,,,,,,,,,,,,,,
207,1,DDP,,ORG_DCOLL,CO2e,,2064,,,,,,,0.0,,,,,,,,,,,,,,,
207,1,DDP,,ORG_DCOLL,CO2e,,2065,,,,,,,0.0,,,,,,,,,,,,,,,
207,1,DDP,,ORG_DCOLL,CO2e,,2066,,,,,,,0.0,,,,,,,,,,,,,,,
207,1,DDP,,ORG_DCOLL,CO2e,,2067,,,,,,,0.0,,,,,,,,,,,,,,,
207,1,DDP,,ORG_DCOLL,CO2e,,2068,,,,,,,0.0,,,,,,,,,,,,,,,
207,1,DDP,,ORG_DCOLL,CO2e,,2069,,,,,,,0.0,,,,,,,,,,,,,,,
207,1,DDP,,ORG_DCOLL,CO2e,,2070,,,,,,,0.0,,,,,,,,,,,,,,,
207,1,DDP,,BLEND_NO_DCOLL,CO2e,,2018,,,,,,,0.0,,,,,,,,,,,,,,,
207,1,DDP,,BLEND_NO_DCOLL,CO2e,,2019,,,,,,,0.0,,,,,,,,,,,,,,,
207,1,DDP,,BLEND_NO_DCOLL,CO2e,,2020,,,,,,,0.0,,,,,,,,,,,,,,,
207,1,DDP,,BLEND_NO_DCOLL,CO2e,,2021,,,,,,,0.0,,,,,,,,,,,,,,,
207,1,DDP,,BLEND_NO_DCOLL,CO2e,,2022,,,,,,,0.0,,,,,,,,,,,,,,,
207,1,DDP,,BLEND_NO_DCOLL,CO2e,,2023,,,,,,,0.0,,,,,,,,,,,,,,,
207,1,DDP,,BLEND_NO_DCOLL,CO2e,,2024,,,,,,,0.0,,,,,,,,,,,,,,,
207,1,DDP,,BLEND_NO_DCOLL,CO2e,,2025,,,,,,,0.0,,,,,,,,,,,,,,,
207,1,DDP,,BLEND_NO_DCOLL,CO2e,,2026,,,,,,,0.0,,,,,,,,,,,,,,,
207,1,DDP,,BLEND_NO_DCOLL,CO2e,,2027,,,,,,,0.0,,,,,,,,,,,,,,,
207,1,DDP,,BLEND_NO_DCOLL,CO2e,,2028,,,,,,,0.0,,,,,,,,,,,,,,,
207,1,DDP,,BLEND_NO_DCOLL,CO2e,,2029,,,,,,,0.0,,,,,,,,,,,,,,,
207,1,DDP,,BLEND_NO_DCOLL,CO2e,,2030,,,,,,,0.0,,,,,,,,,,,,,,,
207,1,DDP,,BLEND_NO_DCOLL,CO2e,,2031,,,,,,,0.0,,,,,,,,,,,,,,,
207,1,DDP,,BLEND_NO_DCOLL,CO2e,,2032,,,,,,,0.0,,,,,,,,,,,,,,,
207,1,DDP,,BLEND_NO_DCOLL,CO2e,,2033,,,,,,,0.0,,,,,,,,,,,,,,,
207,1,DDP,,BLEND_NO_DCOLL,CO2e,,2034,,,,,,,0.0,,,,,,,,,,,,,,,
207,1,DDP,,BLEND_NO_DCOLL,CO2e,,2035,,,,,,,0.0,,,,,,,,,,,,,,,
207,1,DDP,,BLEND_NO_DCOLL,CO2e,,2036,,,,,,,0.0,,,,,,,,,,,,,,,
207,1,DDP,,BLEND_NO_DCOLL,CO2e,,2037,,,,,,,0.0,,,,,,,,,,,,,,,
207,1,DDP,,BLEND_NO_DCOLL,CO2e,,2038,,,,,,,0.0,,,,,,,,,,,,,,,
207,1,DDP,,BLEND_NO_DCOLL,CO2e,,2039,,,,,,,0.0,,,,,,,,,,,,,,,
207,1,DDP,,BLEND_NO_DCOLL,CO2e,,2040,,,,,,,0.0,,,,,,,,,,,,,,,
207,1,DDP,,BLEND_NO_DCOLL,CO2e,,2041,,,,,,,0.0,,,,,,,,,,,,,,,
207,1,DDP,,BLEND_NO_DCOLL,CO2e,,2042,,,,,,,0.0,,,,,,,,,,,,,,,
207,1,DDP,,BLEND_NO_DCOLL,CO2e,,2043,,,,,,,0.0,,,,,,,,,,,,,,,
207,1,DDP,,BLEND_NO_DCOLL,CO2e,,2044,,,,,,,0.0,,,,,,,,,,,,,,,
207,1,DDP,,BLEND_NO_DCOLL,CO2e,,2045,,,,,,,0.0,,,,,,,,,,,,,,,
207,1,DDP,,BLEND_NO_DCOLL,CO2e,,2046,,,,,,,0.0,,,,,,,,,,,,,,,
207,1,DDP,,BLEND_NO_DCOLL,CO2e,,2047,,,,,,,0.0,,,,,,,,,,,,,,,
207,1,DDP,,BLEND_NO_DCOLL,CO2e,,2048,,,,,,,0.0,,,,,,,,,,,,,,,
207,1,DDP,,BLEND_NO_DCOLL,CO2e,,2049,,,,,,,0.0,,,,,,,,,,,,,,,
207,1,DDP,,BLEND_NO_DCOLL,CO2e,,2050,,,,,,,0.0,,,,,,,,,,,,,,,
207,1,DDP,,BLEND_NO_DCOLL,CO2e,,2051,,,,,,,0.0,,,,,,,,,,,,,,,
207,1,DDP,,BLEND_NO_DCOLL,CO2e,,2052,,,,,,,0.0,,,,,,,,,,,,,,,
207,1,DDP,,BLEND_NO_DCOLL,CO2e,,2053,,,,,,,0.0,,,,,,,,,,,,,,,
207,1,DDP,,BLEND_NO_DCOLL,CO2e,,2054,,,,,,,0.0,,,,,,,,,,,,,,,
207,1,DDP,,BLEND_NO_DCOLL,CO2e,,2055,,,,,,,0.0,,,,,,,,,,,,,,,
207,1,DDP,,BLEND_NO_DCOLL,CO2e,,2056,,,,,,,0.0,,,,,,,,,,,,,,,
207,1,DDP,,BLEND_NO_DCOLL,CO2e,,2057,,,,,,,0.0,,,,,,,,,,,,,,,
207,1,DDP,,BLEND_NO_DCOLL,CO2e,,2058,,,,,,,0.0,,,,,,,,,,,,,,,
207,1,DDP,,BLEND_NO_DCOLL,CO2e,,2059,,,,,,,0.0,,,,,,,,,,,,,,,
207,1,DDP,,BLEND_NO_DCOLL,CO2e,,2060,,,,,,,0.0,,,,,,,,,,,,,,,
207,1,DDP,,BLEND_NO_DCOLL,CO2e,,2061,,,,,,,0.0,,,,,,,,,,,,,,,
207,1,DDP,,BLEND_NO_DCOLL,CO2e,,2062,,,,,,,0.0,,,,,,,,,,,,,,,
207,1,DDP,,BLEND_NO_DCOLL,CO2e,,2063,,,,,,,0.0,,,,,,,,,,,,,,,
207,1,DDP,,BLEND_NO_DCOLL,CO2e,,2064,,,,,,,0.0,,,,,,,,,,,,,,,
207,1,DDP,,BLEND_NO_DCOLL,CO2e,,2065,,,,,,,0.0,,,,,,,,,,,,,,,
207,1,DDP,,BLEND_NO_DCOLL,CO2e,,2066,,,,,,,0.0,,,,,,,,,,,,,,,
207,1,DDP,,BLEND_NO_DCOLL,CO2e,,2067,,,,,,,0.0,,,,,,,,,,,,,,,
207,1,DDP,,BLEND_NO_DCOLL,CO2e,,2068,,,,,,,0.0,,,,,,,,,,,,,,,
207,1,DDP,,BLEND_NO_DCOLL,CO2e,,2069,,,,,,,0.0,,,,,,,,,,,,,,,
207,1,DDP,,BLEND_NO_DCOLL,CO2e,,2070,,,,,,,0.0,,,,,,,,,,,,,,,
207,1,DDP,,INORG_SS,CO2e,,2018,,,,,,,0.0,,,,,,,,,,,,,,,
207,1,DDP,,INORG_SS,CO2e,,2019,,,,,,,0.0,,,,,,,,,,,,,,,
207,1,DDP,,INORG_SS,CO2e,,2020,,,,,,,0.0,,,,,,,,,,,,,,,
207,1,DDP,,INORG_SS,CO2e,,2021,,,,,,,0.0,,,,,,,,,,,,,,,
207,1,DDP,,INORG_SS,CO2e,,2022,,,,,,,0.0,,,,,,,,,,,,,,,
207,1,DDP,,INORG_SS,CO2e,,2023,,,,,,,0.0,,,,,,,,,,,,,,,
207,1,DDP,,INORG_SS,CO2e,,2024,,,,,,,0.0,,,,,,,,,,,,,,,
207,1,DDP,,INORG_SS,CO2e,,2025,,,,,,,0.0,,,,,,,,,,,,,,,
207,1,DDP,,INORG_SS,CO2e,,2026,,,,,,,0.0,,,,,,,,,,,,,,,
207,1,DDP,,INORG_SS,CO2e,,2027,,,,,,,0.0,,,,,,,,,,,,,,,
207,1,DDP,,INORG_SS,CO2e,,2028,,,,,,,0.0,,,,,,,,,,,,,,,
207,1,DDP,,INORG_SS,CO2e,,2029,,,,,,,0.0,,,,,,,,,,,,,,,
207,1,DDP,,INORG_SS,CO2e,,2030,,,,,,,0.0,,,,,,,,,,,,,,,
207,1,DDP,,INORG_SS,CO2e,,2031,,,,,,,0.0,,,,,,,,,,,,,,,
207,1,DDP,,INORG_SS,CO2e,,2032,,,,,,,0.0,,,,,,,,,,,,,,,
207,1,DDP,,INORG_SS,CO2e,,2033,,,,,,,0.0,,,,,,,,,,,,,,,
207,1,DDP,,INORG_SS,CO2e,,2034,,,,,,,0.0,,,,,,,,,,,,,,,
207,1,DDP,,INORG_SS,CO2e,,2035,,,,,,,0.0,,,,,,,,,,,,,,,
207,1,DDP,,INORG_SS,CO2e,,2036,,,,,,,0.0,,,,,,,,,,,,,,,
207,1,DDP,,INORG_SS,CO2e,,2037,,,,,,,0.0,,,,,,,,,,,,,,,
207,1,DDP,,INORG_SS,CO2e,,2038,,,,,,,0.0,,,,,,,,,,,,,,,
207,1,DDP,,INORG_SS,CO2e,,2039,,,,,,,0.0,,,,,,,,,,,,,,,
207,1,DDP,,INORG_SS,CO2e,,2040,,,,,,,0.0,,,,,,,,,,,,,,,
207,1,DDP,,INORG_SS,CO2e,,2041,,,,,,,0.0,,,,,,,,,,,,,,,
207,1,DDP,,INORG_SS,CO2e,,2042,,,,,,,0.0,,,,,,,,,,,,,,,
207,1,DDP,,INORG_SS,CO2e,,2043,,,,,,,0.0,,,,,,,,,,,,,,,
207,1,DDP,,INORG_SS,CO2e,,2044,,,,,,,0.0,,,,,,,,,,,,,,,
207,1,DDP,,INORG_SS,CO2e,,2045,,,,,,,0.0,,,,,,,,,,,,,,,
207,1,DDP,,INORG_SS,CO2e,,2046,,,,,,,0.0,,,,,,,,,,,,,,,
207,1,DDP,,INORG_SS,CO2e,,2047,,,,,,,0.0,,,,,,,,,,,,,,,
207,1,DDP,,INORG_SS,CO2e,,2048,,,,,,,0.0,,,,,,,,,,,,,,,
207,1,DDP,,INORG_SS,CO2e,,2049,,,,,,,0.0,,,,,,,,,,,,,,,
207,1,DDP,,INORG_SS,CO2e,,2050,,,,,,,0.0,,,,,,,,,,,,,,,
207,1,DDP,,INORG_SS,CO2e,,2051,,,,,,,0.0,,,,,,,,,,,,,,,
207,1,DDP,,INORG_SS,CO2e,,2052,,,,,,,0.0,,,,,,,,,,,,,,,
207,1,DDP,,INORG_SS,CO2e,,2053,,,,,,,0.0,,,,,,,,,,,,,,,
207,1,DDP,,INORG_SS,CO2e,,2054,,,,,,,0.0,,,,,,,,,,,,,,,
207,1,DDP,,INORG_SS,CO2e,,2055,,,,,,,0.0,,,,,,,,,,,,,,,
207,1,DDP,,INORG_SS,CO2e,,2056,,,,,,,0.0,,,,,,,,,,,,,,,
207,1,DDP,,INORG_SS,CO2e,,2057,,,,,,,0.0,,,,,,,,,,,,,,,
207,1,DDP,,INORG_SS,CO2e,,2058,,,,,,,0.0,,,,,,,,,,,,,,,
207,1,DDP,,INORG_SS,CO2e,,2059,,,,,,,0.0,,,,,,,,,,,,,,,
207,1,DDP,,INORG_SS,CO2e,,2060,,,,,,,0.0,,,,,,,,,,,,,,,
207,1,DDP,,INORG_SS,CO2e,,2061,,,,,,,0.0,,,,,,,,,,,,,,,
207,1,DDP,,INORG_SS,CO2e,,2062,,,,,,,0.0,,,,,,,,,,,,,,,
207,1,DDP,,INORG_SS,CO2e,,2063,,,,,,,0.0,,,,,,,,,,,,,,,
207,1,DDP,,INORG_SS,CO2e,,2064,,,,,,,0.0,,,,,,,,,,,,,,,
207,1,DDP,,INORG_SS,CO2e,,2065,,,,,,,0.0,,,,,,,,,,,,,,,
207,1,DDP,,INORG_SS,CO2e,,2066,,,,,,,0.0,,,,,,,,,,,,,,,
207,1,DDP,,INORG_SS,CO2e,,2067,,,,,,,0.0,,,,,,,,,,,,,,,
207,1,DDP,,INORG_SS,CO2e,,2068,,,,,,,0.0,,,,,,,,,,,,,,,
207,1,DDP,,INORG_SS,CO2e,,2069,,,,,,,0.0,,,,,,,,,,,,,,,
207,1,DDP,,INORG_SS,CO2e,,2070,,,,,,,0.0,,,,,,,,,,,,,,,
207,1,DDP,,ORG_SS,CO2e,,2018,,,,,,,0.0,,,,,,,,,,,,,,,
207,1,DDP,,ORG_SS,CO2e,,2019,,,,,,,0.0,,,,,,,,,,,,,,,
207,1,DDP,,ORG_SS,CO2e,,2020,,,,,,,0.0,,,,,,,,,,,,,,,
207,1,DDP,,ORG_SS,CO2e,,2021,,,,,,,0.0,,,,,,,,,,,,,,,
207,1,DDP,,ORG_SS,CO2e,,2022,,,,,,,0.0,,,,,,,,,,,,,,,
207,1,DDP,,ORG_SS,CO2e,,2023,,,,,,,0.0,,,,,,,,,,,,,,,
207,1,DDP,,ORG_SS,CO2e,,2024,,,,,,,0.0,,,,,,,,,,,,,,,
207,1,DDP,,ORG_SS,CO2e,,2025,,,,,,,0.0,,,,,,,,,,,,,,,
207,1,DDP,,ORG_SS,CO2e,,2026,,,,,,,0.0,,,,,,,,,,,,,,,
207,1,DDP,,ORG_SS,CO2e,,2027,,,,,,,0.0,,,,,,,,,,,,,,,
207,1,DDP,,ORG_SS,CO2e,,2028,,,,,,,0.0,,,,,,,,,,,,,,,
207,1,DDP,,ORG_SS,CO2e,,2029,,,,,,,0.0,,,,,,,,,,,,,,,
207,1,DDP,,ORG_SS,CO2e,,2030,,,,,,,0.0,,,,,,,,,,,,,,,
207,1,DDP,,ORG_SS,CO2e,,2031,,,,,,,0.0,,,,,,,,,,,,,,,
207,1,DDP,,ORG_SS,CO2e,,2032,,,,,,,0.0,,,,,,,,,,,,,,,
207,1,DDP,,ORG_SS,CO2e,,2033,,,,,,,0.0,,,,,,,,,,,,,,,
207,1,DDP,,ORG_SS,CO2e,,2034,,,,,,,0.0,,,,,,,,,,,,,,,
207,1,DDP,,ORG_SS,CO2e,,2035,,,,,,,0.0,,,,,,,,,,,,,,,
207,1,DDP,,ORG_SS,CO2e,,2036,,,,,,,0.0,,,,,,,,,,,,,,,
207,1,DDP,,ORG_SS,CO2e,,2037,,,,,,,0.0,,,,,,,,,,,,,,,
207,1,DDP,,ORG_SS,CO2e,,2038,,,,,,,0.0,,,,,,,,,,,,,,,
207,1,DDP,,ORG_SS,CO2e,,2039,,,,,,,0.0,,,,,,,,,,,,,,,
207,1,DDP,,ORG_SS,CO2e,,2040,,,,,,,0.0,,,,,,,,,,,,,,,
207,1,DDP,,ORG_SS,CO2e,,2041,,,,,,,0.0,,,,,,,,,,,,,,,
207,1,DDP,,ORG_SS,CO2e,,2042,,,,,,,0.0,,,,,,,,,,,,,,,
207,1,DDP,,ORG_SS,CO2e,,2043,,,,,,,0.0,,,,,,,,,,,,,,,
207,1,DDP,,ORG_SS,CO2e,,2044,,,,,,,0.0,,,,,,,,,,,,,,,
207,1,DDP,,ORG_SS,CO2e,,2045,,,,,,,0.0,,,,,,,,,,,,,,,
207,1,DDP,,ORG_SS,CO2e,,2046,,,,,,,0.0,,,,,,,,,,,,,,,
207,1,DDP,,ORG_SS,CO2e,,2047,,,,,,,0.0,,,,,,,,,,,,,,,
207,1,DDP,,ORG_SS,CO2e,,2048,,,,,,,0.0,,,,,,,,,,,,,,,
207,1,DDP,,ORG_SS,CO2e,,2049,,,,,,,0.0,,,,,,,,,,,,,,,
207,1,DDP,,ORG_SS,CO2e,,2050,,,,,,,0.0,,,,,,,,,,,,,,,
207,1,DDP,,ORG_SS,CO2e,,2051,,,,,,,0.0,,,,,,,,,,,,,,,
207,1,DDP,,ORG_SS,CO2e,,2052,,,,,,,0.0,,,,,,,,,,,,,,,
207,1,DDP,,ORG_SS,CO2e,,2053,,,,,,,0.0,,,,,,,,,,,,,,,
207,1,DDP,,ORG_SS,CO2e,,2054,,,,,,,0.0,,,,,,,,,,,,,,,
207,1,DDP,,ORG_SS,CO2e,,2055,,,,,,,0.0,,,,,,,,,,,,,,,
207,1,DDP,,ORG_SS,CO2e,,2056,,,,,,,0.0,,,,,,,,,,,,,,,
207,1,DDP,,ORG_SS,CO2e,,2057,,,,,,,0.0,,,,,,,,,,,,,,,
207,1,DDP,,ORG_SS,CO2e,,2058,,,,,,,0.0,,,,,,,,,,,,,,,
207,1,DDP,,ORG_SS,CO2e,,2059,,,,,,,0.0,,,,,,,,,,,,,,,
207,1,DDP,,ORG_SS,CO2e,,2060,,,,,,,0.0,,,,,,,,,,,,,,,
207,1,DDP,,ORG_SS,CO2e,,2061,,,,,,,0.0,,,,,,,,,,,,,,,
207,1,DDP,,ORG_SS,CO2e,,2062,,,,,,,0.0,,,,,,,,,,,,,,,
207,1,DDP,,ORG_SS,CO2e,,2063,,,,,,,0.0,,,,,,,,,,,,,,,
207,1,DDP,,ORG_SS,CO2e,,2064,,,,,,,0.0,,,,,,,,,,,,,,,
207,1,DDP,,ORG_SS,CO2e,,2065,,,,,,,0.0,,,,,,,,,,,,,,,
207,1,DDP,,ORG_SS,CO2e,,2066,,,,,,,0.0,,,,,,,,,,,,,,,
207,1,DDP,,ORG_SS,CO2e,,2067,,,,,,,0.0,,,,,,,,,,,,,,,
207,1,DDP,,ORG_SS,CO2e,,2068,,,,,,,0.0,,,,,,,,,,,,,,,
207,1,DDP,,ORG_SS,CO2e,,2069,,,,,,,0.0,,,,,,,,,,,,,,,
207,1,DDP,,ORG_SS,CO2e,,2070,,,,,,,0.0,,,,,,,,,,,,,,,
207,1,DDP,,NO_SS,CO2e,,2018,,,,,,,0.0,,,,,,,,,,,,,,,
207,1,DDP,,NO_SS,CO2e,,2019,,,,,,,0.0,,,,,,,,,,,,,,,
207,1,DDP,,NO_SS,CO2e,,2020,,,,,,,0.0,,,,,,,,,,,,,,,
207,1,DDP,,NO_SS,CO2e,,2021,,,,,,,0.0,,,,,,,,,,,,,,,
207,1,DDP,,NO_SS,CO2e,,2022,,,,,,,0.0,,,,,,,,,,,,,,,
207,1,DDP,,NO_SS,CO2e,,2023,,,,,,,0.0,,,,,,,,,,,,,,,
207,1,DDP,,NO_SS,CO2e,,2024,,,,,,,0.0,,,,,,,,,,,,,,,
207,1,DDP,,NO_SS,CO2e,,2025,,,,,,,0.0,,,,,,,,,,,,,,,
207,1,DDP,,NO_SS,CO2e,,2026,,,,,,,0.0,,,,,,,,,,,,,,,
207,1,DDP,,NO_SS,CO2e,,2027,,,,,,,0.0,,,,,,,,,,,,,,,
207,1,DDP,,NO_SS,CO2e,,2028,,,,,,,0.0,,,,,,,,,,,,,,,
207,1,DDP,,NO_SS,CO2e,,2029,,,,,,,0.0,,,,,,,,,,,,,,,
207,1,DDP,,NO_SS,CO2e,,2030,,,,,,,0.0,,,,,,,,,,,,,,,
207,1,DDP,,NO_SS,CO2e,,2031,,,,,,,0.0,,,,,,,,,,,,,,,
207,1,DDP,,NO_SS,CO2e,,2032,,,,,,,0.0,,,,,,,,,,,,,,,
207,1,DDP,,NO_SS,CO2e,,2033,,,,,,,0.0,,,,,,,,,,,,,,,
207,1,DDP,,NO_SS,CO2e,,2034,,,,,,,0.0,,,,,,,,,,,,,,,
207,1,DDP,,NO_SS,CO2e,,2035,,,,,,,0.0,,,,,,,,,,,,,,,
207,1,DDP,,NO_SS,CO2e,,2036,,,,,,,0.0,,,,,,,,,,,,,,,
207,1,DDP,,NO_SS,CO2e,,2037,,,,,,,0.0,,,,,,,,,,,,,,,
207,1,DDP,,NO_SS,CO2e,,2038,,,,,,,0.0,,,,,,,,,,,,,,,
207,1,DDP,,NO_SS,CO2e,,2039,,,,,,,0.0,,,,,,,,,,,,,,,
207,1,DDP,,NO_SS,CO2e,,2040,,,,,,,0.0,,,,,,,,,,,,,,,
207,1,DDP,,NO_SS,CO2e,,2041,,,,,,,0.0,,,,,,,,,,,,,,,
207,1,DDP,,NO_SS,CO2e,,2042,,,,,,,0.0,,,,,,,,,,,,,,,
207,1,DDP,,NO_SS,CO2e,,2043,,,,,,,0.0,,,,,,,,,,,,,,,
207,1,DDP,,NO_SS,CO2e,,2044,,,,,,,0.0,,,,,,,,,,,,,,,
207,1,DDP,,NO_SS,CO2e,,2045,,,,,,,0.0,,,,,,,,,,,,,,,
207,1,DDP,,NO_SS,CO2e,,2046,,,,,,,0.0,,,,,,,,,,,,,,,
207,1,DDP,,NO_SS,CO2e,,2047,,,,,,,0.0,,,,,,,,,,,,,,,
207,1,DDP,,NO_SS,CO2e,,2048,,,,,,,0.0,,,,,,,,,,,,,,,
207,1,DDP,,NO_SS,CO2e,,2049,,,,,,,0.0,,,,,,,,,,,,,,,
207,1,DDP,,NO_SS,CO2e,,2050,,,,,,,0.0,,,,,,,,,,,,,,,
207,1,DDP,,NO_SS,CO2e,,2051,,,,,,,0.0,,,,,,,,,,,,,,,
207,1,DDP,,NO_SS,CO2e,,2052,,,,,,,0.0,,,,,,,,,,,,,,,
207,1,DDP,,NO_SS,CO2e,,2053,,,,,,,0.0,,,,,,,,,,,,,,,
207,1,DDP,,NO_SS,CO2e,,2054,,,,,,,0.0,,,,,,,,,,,,,,,
207,1,DDP,,NO_SS,CO2e,,2055,,,,,,,0.0,,,,,,,,,,,,,,,
207,1,DDP,,NO_SS,CO2e,,2056,,,,,,,0.0,,,,,,,,,,,,,,,
207,1,DDP,,NO_SS,CO2e,,2057,,,,,,,0.0,,,,,,,,,,,,,,,
207,1,DDP,,NO_SS,CO2e,,2058,,,,,,,0.0,,,,,,,,,,,,,,,
207,1,DDP,,NO_SS,CO2e,,2059,,,,,,,0.0,,,,,,,,,,,,,,,
207,1,DDP,,NO_SS,CO2e,,2060,,,,,,,0.0,,,,,,,,,,,,,,,
207,1,DDP,,NO_SS,CO2e,,2061,,,,,,,0.0,,,,,,,,,,,,,,,
207,1,DDP,,NO_SS,CO2e,,2062,,,,,,,0.0,,,,,,,,,,,,,,,
207,1,DDP,,NO_SS,CO2e,,2063,,,,,,,0.0,,,,,,,,,,,,,,,
207,1,DDP,,NO_SS,CO2e,,2064,,,,,,,0.0,,,,,,,,,,,,,,,
207,1,DDP,,NO_SS,CO2e,,2065,,,,,,,0.0,,,,,,,,,,,,,,,
207,1,DDP,,NO_SS,CO2e,,2066,,,,,,,0.0,,,,,,,,,,,,,,,
207,1,DDP,,NO_SS,CO2e,,2067,,,,,,,0.0,,,,,,,,,,,,,,,
207,1,DDP,,NO_SS,CO2e,,2068,,,,,,,0.0,,,,,,,,,,,,,,,
207,1,DDP,,NO_SS,CO2e,,2069,,,,,,,0.0,,,,,,,,,,,,,,,
207,1,DDP,,NO_SS,CO2e,,2070,,,,,,,0.0,,,,,,,,,,,,,,,
207,1,DDP,,SEWERWWWOT,CO2e,,2018,,,,,,,0.0,,,,,,,,,,,,,,,
207,1,DDP,,SEWERWWWOT,CO2e,,2019,,,,,,,0.0,,,,,,,,,,,,,,,
207,1,DDP,,SEWERWWWOT,CO2e,,2020,,,,,,,0.0,,,,,,,,,,,,,,,
207,1,DDP,,SEWERWWWOT,CO2e,,2021,,,,,,,0.0,,,,,,,,,,,,,,,
207,1,DDP,,SEWERWWWOT,CO2e,,2022,,,,,,,0.0,,,,,,,,,,,,,,,
207,1,DDP,,SEWERWWWOT,CO2e,,2023,,,,,,,0.0,,,,,,,,,,,,,,,
207,1,DDP,,SEWERWWWOT,CO2e,,2024,,,,,,,0.0,,,,,,,,,,,,,,,
207,1,DDP,,SEWERWWWOT,CO2e,,2025,,,,,,,0.0,,,,,,,,,,,,,,,
207,1,DDP,,SEWERWWWOT,CO2e,,2026,,,,,,,0.0,,,,,,,,,,,,,,,
207,1,DDP,,SEWERWWWOT,CO2e,,2027,,,,,,,0.0,,,,,,,,,,,,,,,
207,1,DDP,,SEWERWWWOT,CO2e,,2028,,,,,,,0.0,,,,,,,,,,,,,,,
207,1,DDP,,SEWERWWWOT,CO2e,,2029,,,,,,,0.0,,,,,,,,,,,,,,,
207,1,DDP,,SEWERWWWOT,CO2e,,2030,,,,,,,0.0,,,,,,,,,,,,,,,
207,1,DDP,,SEWERWWWOT,CO2e,,2031,,,,,,,0.0,,,,,,,,,,,,,,,
207,1,DDP,,SEWERWWWOT,CO2e,,2032,,,,,,,0.0,,,,,,,,,,,,,,,
207,1,DDP,,SEWERWWWOT,CO2e,,2033,,,,,,,0.0,,,,,,,,,,,,,,,
207,1,DDP,,SEWERWWWOT,CO2e,,2034,,,,,,,0.0,,,,,,,,,,,,,,,
207,1,DDP,,SEWERWWWOT,CO2e,,2035,,,,,,,0.0,,,,,,,,,,,,,,,
207,1,DDP,,SEWERWWWOT,CO2e,,2036,,,,,,,0.0,,,,,,,,,,,,,,,
207,1,DDP,,SEWERWWWOT,CO2e,,2037,,,,,,,0.0,,,,,,,,,,,,,,,
207,1,DDP,,SEWERWWWOT,CO2e,,2038,,,,,,,0.0,,,,,,,,,,,,,,,
207,1,DDP,,SEWERWWWOT,CO2e,,2039,,,,,,,0.0,,,,,,,,,,,,,,,
207,1,DDP,,SEWERWWWOT,CO2e,,2040,,,,,,,0.0,,,,,,,,,,,,,,,
207,1,DDP,,SEWERWWWOT,CO2e,,2041,,,,,,,0.0,,,,,,,,,,,,,,,
207,1,DDP,,SEWERWWWOT,CO2e,,2042,,,,,,,0.0,,,,,,,,,,,,,,,
207,1,DDP,,SEWERWWWOT,CO2e,,2043,,,,,,,0.0,,,,,,,,,,,,,,,
207,1,DDP,,SEWERWWWOT,CO2e,,2044,,,,,,,0.0,,,,,,,,,,,,,,,
207,1,DDP,,SEWERWWWOT,CO2e,,2045,,,,,,,0.0,,,,,,,,,,,,,,,
207,1,DDP,,SEWERWWWOT,CO2e,,2046,,,,,,,0.0,,,,,,,,,,,,,,,
207,1,DDP,,SEWERWWWOT,CO2e,,2047,,,,,,,0.0,,,,,,,,,,,,,,,
207,1,DDP,,SEWERWWWOT,CO2e,,2048,,,,,,,0.0,,,,,,,,,,,,,,,
207,1,DDP,,SEWERWWWOT,CO2e,,2049,,,,,,,0.0,,,,,,,,,,,,,,,
207,1,DDP,,SEWERWWWOT,CO2e,,2050,,,,,,,0.0,,,,,,,,,,,,,,,
207,1,DDP,,SEWERWWWOT,CO2e,,2051,,,,,,,0.0,,,,,,,,,,,,,,,
207,1,DDP,,SEWERWWWOT,CO2e,,2052,,,,,,,0.0,,,,,,,,,,,,,,,
207,1,DDP,,SEWERWWWOT,CO2e,,2053,,,,,,,0.0,,,,,,,,,,,,,,,
207,1,DDP,,SEWERWWWOT,CO2e,,2054,,,,,,,0.0,,,,,,,,,,,,,,,
207,1,DDP,,SEWERWWWOT,CO2e,,2055,,,,,,,0.0,,,,,,,,,,,,,,,
207,1,DDP,,SEWERWWWOT,CO2e,,2056,,,,,,,0.0,,,,,,,,,,,,,,,
207,1,DDP,,SEWERWWWOT,CO2e,,2057,,,,,,,0.0,,,,,,,,,,,,,,,
207,1,DDP,,SEWERWWWOT,CO2e,,2058,,,,,,,0.0,,,,,,,,,,,,,,,
207,1,DDP,,SEWERWWWOT,CO2e,,2059,,,,,,,0.0,,,,,,,,,,,,,,,
207,1,DDP,,SEWERWWWOT,CO2e,,2060,,,,,,,0.0,,,,,,,,,,,,,,,
207,1,DDP,,SEWERWWWOT,CO2e,,2061,,,,,,,0.0,,,,,,,,,,,,,,,
207,1,DDP,,SEWERWWWOT,CO2e,,2062,,,,,,,0.0,,,,,,,,,,,,,,,
207,1,DDP,,SEWERWWWOT,CO2e,,2063,,,,,,,0.0,,,,,,,,,,,,,,,
207,1,DDP,,SEWERWWWOT,CO2e,,2064,,,,,,,0.0,,,,,,,,,,,,,,,
207,1,DDP,,SEWERWWWOT,CO2e,,2065,,,,,,,0.0,,,,,,,,,,,,,,,
207,1,DDP,,SEWERWWWOT,CO2e,,2066,,,,,,,0.0,,,,,,,,,,,,,,,
207,1,DDP,,SEWERWWWOT,CO2e,,2067,,,,,,,0.0,,,,,,,,,,,,,,,
207,1,DDP,,SEWERWWWOT,CO2e,,2068,,,,,,,0.0,,,,,,,,,,,,,,,
207,1,DDP,,SEWERWWWOT,CO2e,,2069,,,,,,,0.0,,,,,,,,,,,,,,,
207,1,DDP,,SEWERWWWOT,CO2e,,2070,,,,,,,0.0,,,,,,,,,,,,,,,
207,1,DDP,,SEWERWWWT,CO2e,,2018,,,,,,,0.0,,,,,,,,,,,,,,,
207,1,DDP,,SEWERWWWT,CO2e,,2019,,,,,,,0.0,,,,,,,,,,,,,,,
207,1,DDP,,SEWERWWWT,CO2e,,2020,,,,,,,0.0,,,,,,,,,,,,,,,
207,1,DDP,,SEWERWWWT,CO2e,,2021,,,,,,,0.0,,,,,,,,,,,,,,,
207,1,DDP,,SEWERWWWT,CO2e,,2022,,,,,,,0.0,,,,,,,,,,,,,,,
207,1,DDP,,SEWERWWWT,CO2e,,2023,,,,,,,0.0,,,,,,,,,,,,,,,
207,1,DDP,,SEWERWWWT,CO2e,,2024,,,,,,,0.0,,,,,,,,,,,,,,,
207,1,DDP,,SEWERWWWT,CO2e,,2025,,,,,,,0.0,,,,,,,,,,,,,,,
207,1,DDP,,SEWERWWWT,CO2e,,2026,,,,,,,0.0,,,,,,,,,,,,,,,
207,1,DDP,,SEWERWWWT,CO2e,,2027,,,,,,,0.0,,,,,,,,,,,,,,,
207,1,DDP,,SEWERWWWT,CO2e,,2028,,,,,,,0.0,,,,,,,,,,,,,,,
207,1,DDP,,SEWERWWWT,CO2e,,2029,,,,,,,0.0,,,,,,,,,,,,,,,
207,1,DDP,,SEWERWWWT,CO2e,,2030,,,,,,,0.0,,,,,,,,,,,,,,,
207,1,DDP,,SEWERWWWT,CO2e,,2031,,,,,,,0.0,,,,,,,,,,,,,,,
207,1,DDP,,SEWERWWWT,CO2e,,2032,,,,,,,0.0,,,,,,,,,,,,,,,
207,1,DDP,,SEWERWWWT,CO2e,,2033,,,,,,,0.0,,,,,,,,,,,,,,,
207,1,DDP,,SEWERWWWT,CO2e,,2034,,,,,,,0.0,,,,,,,,,,,,,,,
207,1,DDP,,SEWERWWWT,CO2e,,2035,,,,,,,0.0,,,,,,,,,,,,,,,
207,1,DDP,,SEWERWWWT,CO2e,,2036,,,,,,,0.0,,,,,,,,,,,,,,,
207,1,DDP,,SEWERWWWT,CO2e,,2037,,,,,,,0.0,,,,,,,,,,,,,,,
207,1,DDP,,SEWERWWWT,CO2e,,2038,,,,,,,0.0,,,,,,,,,,,,,,,
207,1,DDP,,SEWERWWWT,CO2e,,2039,,,,,,,0.0,,,,,,,,,,,,,,,
207,1,DDP,,SEWERWWWT,CO2e,,2040,,,,,,,0.0,,,,,,,,,,,,,,,
207,1,DDP,,SEWERWWWT,CO2e,,2041,,,,,,,0.0,,,,,,,,,,,,,,,
207,1,DDP,,SEWERWWWT,CO2e,,2042,,,,,,,0.0,,,,,,,,,,,,,,,
207,1,DDP,,SEWERWWWT,CO2e,,2043,,,,,,,0.0,,,,,,,,,,,,,,,
207,1,DDP,,SEWERWWWT,CO2e,,2044,,,,,,,0.0,,,,,,,,,,,,,,,
207,1,DDP,,SEWERWWWT,CO2e,,2045,,,,,,,0.0,,,,,,,,,,,,,,,
207,1,DDP,,SEWERWWWT,CO2e,,2046,,,,,,,0.0,,,,,,,,,,,,,,,
207,1,DDP,,SEWERWWWT,CO2e,,2047,,,,,,,0.0,,,,,,,,,,,,,,,
207,1,DDP,,SEWERWWWT,CO2e,,2048,,,,,,,0.0,,,,,,,,,,,,,,,
207,1,DDP,,SEWERWWWT,CO2e,,2049,,,,,,,0.0,,,,,,,,,,,,,,,
207,1,DDP,,SEWERWWWT,CO2e,,2050,,,,,,,0.0,,,,,,,,,,,,,,,
207,1,DDP,,SEWERWWWT,CO2e,,2051,,,,,,,0.0,,,,,,,,,,,,,,,
207,1,DDP,,SEWERWWWT,CO2e,,2052,,,,,,,0.0,,,,,,,,,,,,,,,
207,1,DDP,,SEWERWWWT,CO2e,,2053,,,,,,,0.0,,,,,,,,,,,,,,,
207,1,DDP,,SEWERWWWT,CO2e,,2054,,,,,,,0.0,,,,,,,,,,,,,,,
207,1,DDP,,SEWERWWWT,CO2e,,2055,,,,,,,0.0,,,,,,,,,,,,,,,
207,1,DDP,,SEWERWWWT,CO2e,,2056,,,,,,,0.0,,,,,,,,,,,,,,,
207,1,DDP,,SEWERWWWT,CO2e,,2057,,,,,,,0.0,,,,,,,,,,,,,,,
207,1,DDP,,SEWERWWWT,CO2e,,2058,,,,,,,0.0,,,,,,,,,,,,,,,
207,1,DDP,,SEWERWWWT,CO2e,,2059,,,,,,,0.0,,,,,,,,,,,,,,,
207,1,DDP,,SEWERWWWT,CO2e,,2060,,,,,,,0.0,,,,,,,,,,,,,,,
207,1,DDP,,SEWERWWWT,CO2e,,2061,,,,,,,0.0,,,,,,,,,,,,,,,
207,1,DDP,,SEWERWWWT,CO2e,,2062,,,,,,,0.0,,,,,,,,,,,,,,,
207,1,DDP,,SEWERWWWT,CO2e,,2063,,,,,,,0.0,,,,,,,,,,,,,,,
207,1,DDP,,SEWERWWWT,CO2e,,2064,,,,,,,0.0,,,,,,,,,,,,,,,
207,1,DDP,,SEWERWWWT,CO2e,,2065,,,,,,,0.0,,,,,,,,,,,,,,,
207,1,DDP,,SEWERWWWT,CO2e,,2066,,,,,,,0.0,,,,,,,,,,,,,,,
207,1,DDP,,SEWERWWWT,CO2e,,2067,,,,,,,0.0,,,,,,,,,,,,,,,
207,1,DDP,,SEWERWWWT,CO2e,,2068,,,,,,,0.0,,,,,,,,,,,,,,,
207,1,DDP,,SEWERWWWT,CO2e,,2069,,,,,,,0.0,,,,,,,,,,,,,,,
207,1,DDP,,SEWERWWWT,CO2e,,2070,,,,,,,0.0,,,,,,,,,,,,,,,
207,1,DDP,,WWWTFIRU,CO2e,,2018,,,,,,,0.0,,,,,,,,,,,,,,,
207,1,DDP,,WWWTFIRU,CO2e,,2019,,,,,,,0.0,,,,,,,,,,,,,,,
207,1,DDP,,WWWTFIRU,CO2e,,2020,,,,,,,0.0,,,,,,,,,,,,,,,
207,1,DDP,,WWWTFIRU,CO2e,,2021,,,,,,,0.0,,,,,,,,,,,,,,,
207,1,DDP,,WWWTFIRU,CO2e,,2022,,,,,,,0.0,,,,,,,,,,,,,,,
207,1,DDP,,WWWTFIRU,CO2e,,2023,,,,,,,0.0,,,,,,,,,,,,,,,
207,1,DDP,,WWWTFIRU,CO2e,,2024,,,,,,,0.0,,,,,,,,,,,,,,,
207,1,DDP,,WWWTFIRU,CO2e,,2025,,,,,,,0.0,,,,,,,,,,,,,,,
207,1,DDP,,WWWTFIRU,CO2e,,2026,,,,,,,0.0,,,,,,,,,,,,,,,
207,1,DDP,,WWWTFIRU,CO2e,,2027,,,,,,,0.0,,,,,,,,,,,,,,,
207,1,DDP,,WWWTFIRU,CO2e,,2028,,,,,,,0.0,,,,,,,,,,,,,,,
207,1,DDP,,WWWTFIRU,CO2e,,2029,,,,,,,0.0,,,,,,,,,,,,,,,
207,1,DDP,,WWWTFIRU,CO2e,,2030,,,,,,,0.0,,,,,,,,,,,,,,,
207,1,DDP,,WWWTFIRU,CO2e,,2031,,,,,,,0.0,,,,,,,,,,,,,,,
207,1,DDP,,WWWTFIRU,CO2e,,2032,,,,,,,0.0,,,,,,,,,,,,,,,
207,1,DDP,,WWWTFIRU,CO2e,,2033,,,,,,,0.0,,,,,,,,,,,,,,,
207,1,DDP,,WWWTFIRU,CO2e,,2034,,,,,,,0.0,,,,,,,,,,,,,,,
207,1,DDP,,WWWTFIRU,CO2e,,2035,,,,,,,0.0,,,,,,,,,,,,,,,
207,1,DDP,,WWWTFIRU,CO2e,,2036,,,,,,,0.0,,,,,,,,,,,,,,,
207,1,DDP,,WWWTFIRU,CO2e,,2037,,,,,,,0.0,,,,,,,,,,,,,,,
207,1,DDP,,WWWTFIRU,CO2e,,2038,,,,,,,0.0,,,,,,,,,,,,,,,
207,1,DDP,,WWWTFIRU,CO2e,,2039,,,,,,,0.0,,,,,,,,,,,,,,,
207,1,DDP,,WWWTFIRU,CO2e,,2040,,,,,,,0.0,,,,,,,,,,,,,,,
207,1,DDP,,WWWTFIRU,CO2e,,2041,,,,,,,0.0,,,,,,,,,,,,,,,
207,1,DDP,,WWWTFIRU,CO2e,,2042,,,,,,,0.0,,,,,,,,,,,,,,,
207,1,DDP,,WWWTFIRU,CO2e,,2043,,,,,,,0.0,,,,,,,,,,,,,,,
207,1,DDP,,WWWTFIRU,CO2e,,2044,,,,,,,0.0,,,,,,,,,,,,,,,
207,1,DDP,,WWWTFIRU,CO2e,,2045,,,,,,,0.0,,,,,,,,,,,,,,,
207,1,DDP,,WWWTFIRU,CO2e,,2046,,,,,,,0.0,,,,,,,,,,,,,,,
207,1,DDP,,WWWTFIRU,CO2e,,2047,,,,,,,0.0,,,,,,,,,,,,,,,
207,1,DDP,,WWWTFIRU,CO2e,,2048,,,,,,,0.0,,,,,,,,,,,,,,,
207,1,DDP,,WWWTFIRU,CO2e,,2049,,,,,,,0.0,,,,,,,,,,,,,,,
207,1,DDP,,WWWTFIRU,CO2e,,2050,,,,,,,0.0,,,,,,,,,,,,,,,
207,1,DDP,,WWWTFIRU,CO2e,,2051,,,,,,,0.0,,,,,,,,,,,,,,,
207,1,DDP,,WWWTFIRU,CO2e,,2052,,,,,,,0.0,,,,,,,,,,,,,,,
207,1,DDP,,WWWTFIRU,CO2e,,2053,,,,,,,0.0,,,,,,,,,,,,,,,
207,1,DDP,,WWWTFIRU,CO2e,,2054,,,,,,,0.0,,,,,,,,,,,,,,,
207,1,DDP,,WWWTFIRU,CO2e,,2055,,,,,,,0.0,,,,,,,,,,,,,,,
207,1,DDP,,WWWTFIRU,CO2e,,2056,,,,,,,0.0,,,,,,,,,,,,,,,
207,1,DDP,,WWWTFIRU,CO2e,,2057,,,,,,,0.0,,,,,,,,,,,,,,,
207,1,DDP,,WWWTFIRU,CO2e,,2058,,,,,,,0.0,,,,,,,,,,,,,,,
207,1,DDP,,WWWTFIRU,CO2e,,2059,,,,,,,0.0,,,,,,,,,,,,,,,
207,1,DDP,,WWWTFIRU,CO2e,,2060,,,,,,,0.0,,,,,,,,,,,,,,,
207,1,DDP,,WWWTFIRU,CO2e,,2061,,,,,,,0.0,,,,,,,,,,,,,,,
207,1,DDP,,WWWTFIRU,CO2e,,2062,,,,,,,0.0,,,,,,,,,,,,,,,
207,1,DDP,,WWWTFIRU,CO2e,,2063,,,,,,,0.0,,,,,,,,,,,,,,,
207,1,DDP,,WWWTFIRU,CO2e,,2064,,,,,,,0.0,,,,,,,,,,,,,,,
207,1,DDP,,WWWTFIRU,CO2e,,2065,,,,,,,0.0,,,,,,,,,,,,,,,
207,1,DDP,,WWWTFIRU,CO2e,,2066,,,,,,,0.0,,,,,,,,,,,,,,,
207,1,DDP,,WWWTFIRU,CO2e,,2067,,,,,,,0.0,,,,,,,,,,,,,,,
207,1,DDP,,WWWTFIRU,CO2e,,2068,,,,,,,0.0,,,,,,,,,,,,,,,
207,1,DDP,,WWWTFIRU,CO2e,,2069,,,,,,,0.0,,,,,,,,,,,,,,,
207,1,DDP,,WWWTFIRU,CO2e,,2070,,,,,,,0.0,,,,,,,,,,,,,,,
207,1,DDP,,TWWWOT,CO2e,,2018,,,,,,,0.0826759968963952,,,,,,,,,,,,,,,
207,1,DDP,,TWWWOT,CO2e,,2019,,,,,,,0.0826759968963952,,,,,,,,,,,,,,,
207,1,DDP,,TWWWOT,CO2e,,2020,,,,,,,0.0826759968963952,,,,,,,,,,,,,,,
207,1,DDP,,TWWWOT,CO2e,,2021,,,,,,,0.0826759968963952,,,,,,,,,,,,,,,
207,1,DDP,,TWWWOT,CO2e,,2022,,,,,,,0.0826759968963952,,,,,,,,,,,,,,,
207,1,DDP,,TWWWOT,CO2e,,2023,,,,,,,0.0826759968963952,,,,,,,,,,,,,,,
207,1,DDP,,TWWWOT,CO2e,,2024,,,,,,,0.0826759968963952,,,,,,,,,,,,,,,
207,1,DDP,,TWWWOT,CO2e,,2025,,,,,,,0.0826759968963952,,,,,,,,,,,,,,,
207,1,DDP,,TWWWOT,CO2e,,2026,,,,,,,0.0826759968963952,,,,,,,,,,,,,,,
207,1,DDP,,TWWWOT,CO2e,,2027,,,,,,,0.0826759968963952,,,,,,,,,,,,,,,
207,1,DDP,,TWWWOT,CO2e,,2028,,,,,,,0.0826759968963952,,,,,,,,,,,,,,,
207,1,DDP,,TWWWOT,CO2e,,2029,,,,,,,0.0826759968963952,,,,,,,,,,,,,,,
207,1,DDP,,TWWWOT,CO2e,,2030,,,,,,,0.0826759968963952,,,,,,,,,,,,,,,
207,1,DDP,,TWWWOT,CO2e,,2031,,,,,,,0.0826759968963952,,,,,,,,,,,,,,,
207,1,DDP,,TWWWOT,CO2e,,2032,,,,,,,0.0826759968963952,,,,,,,,,,,,,,,
207,1,DDP,,TWWWOT,CO2e,,2033,,,,,,,0.0826759968963952,,,,,,,,,,,,,,,
207,1,DDP,,TWWWOT,CO2e,,2034,,,,,,,0.0826759968963952,,,,,,,,,,,,,,,
207,1,DDP,,TWWWOT,CO2e,,2035,,,,,,,0.0826759968963952,,,,,,,,,,,,,,,
207,1,DDP,,TWWWOT,CO2e,,2036,,,,,,,0.0826759968963952,,,,,,,,,,,,,,,
207,1,DDP,,TWWWOT,CO2e,,2037,,,,,,,0.0826759968963952,,,,,,,,,,,,,,,
207,1,DDP,,TWWWOT,CO2e,,2038,,,,,,,0.0826759968963952,,,,,,,,,,,,,,,
207,1,DDP,,TWWWOT,CO2e,,2039,,,,,,,0.0826759968963952,,,,,,,,,,,,,,,
207,1,DDP,,TWWWOT,CO2e,,2040,,,,,,,0.0826759968963952,,,,,,,,,,,,,,,
207,1,DDP,,TWWWOT,CO2e,,2041,,,,,,,0.0826759968963952,,,,,,,,,,,,,,,
207,1,DDP,,TWWWOT,CO2e,,2042,,,,,,,0.0826759968963952,,,,,,,,,,,,,,,
207,1,DDP,,TWWWOT,CO2e,,2043,,,,,,,0.0826759968963952,,,,,,,,,,,,,,,
207,1,DDP,,TWWWOT,CO2e,,2044,,,,,,,0.0826759968963952,,,,,,,,,,,,,,,
207,1,DDP,,TWWWOT,CO2e,,2045,,,,,,,0.0826759968963952,,,,,,,,,,,,,,,
207,1,DDP,,TWWWOT,CO2e,,2046,,,,,,,0.0826759968963952,,,,,,,,,,,,,,,
207,1,DDP,,TWWWOT,CO2e,,2047,,,,,,,0.0826759968963952,,,,,,,,,,,,,,,
207,1,DDP,,TWWWOT,CO2e,,2048,,,,,,,0.0826759968963952,,,,,,,,,,,,,,,
207,1,DDP,,TWWWOT,CO2e,,2049,,,,,,,0.0826759968963952,,,,,,,,,,,,,,,
207,1,DDP,,TWWWOT,CO2e,,2050,,,,,,,0.0826759968963952,,,,,,,,,,,,,,,
207,1,DDP,,TWWWOT,CO2e,,2051,,,,,,,0.0826759968963952,,,,,,,,,,,,,,,
207,1,DDP,,TWWWOT,CO2e,,2052,,,,,,,0.0826759968963952,,,,,,,,,,,,,,,
207,1,DDP,,TWWWOT,CO2e,,2053,,,,,,,0.0826759968963952,,,,,,,,,,,,,,,
207,1,DDP,,TWWWOT,CO2e,,2054,,,,,,,0.0826759968963952,,,,,,,,,,,,,,,
207,1,DDP,,TWWWOT,CO2e,,2055,,,,,,,0.0826759968963952,,,,,,,,,,,,,,,
207,1,DDP,,TWWWOT,CO2e,,2056,,,,,,,0.0826759968963952,,,,,,,,,,,,,,,
207,1,DDP,,TWWWOT,CO2e,,2057,,,,,,,0.0826759968963952,,,,,,,,,,,,,,,
207,1,DDP,,TWWWOT,CO2e,,2058,,,,,,,0.0826759968963952,,,,,,,,,,,,,,,
207,1,DDP,,TWWWOT,CO2e,,2059,,,,,,,0.0826759968963952,,,,,,,,,,,,,,,
207,1,DDP,,TWWWOT,CO2e,,2060,,,,,,,0.0826759968963952,,,,,,,,,,,,,,,
207,1,DDP,,TWWWOT,CO2e,,2061,,,,,,,0.0826759968963952,,,,,,,,,,,,,,,
207,1,DDP,,TWWWOT,CO2e,,2062,,,,,,,0.0826759968963952,,,,,,,,,,,,,,,
207,1,DDP,,TWWWOT,CO2e,,2063,,,,,,,0.0826759968963952,,,,,,,,,,,,,,,
207,1,DDP,,TWWWOT,CO2e,,2064,,,,,,,0.0826759968963952,,,,,,,,,,,,,,,
207,1,DDP,,TWWWOT,CO2e,,2065,,,,,,,0.0826759968963952,,,,,,,,,,,,,,,
207,1,DDP,,TWWWOT,CO2e,,2066,,,,,,,0.0826759968963952,,,,,,,,,,,,,,,
207,1,DDP,,TWWWOT,CO2e,,2067,,,,,,,0.0826759968963952,,,,,,,,,,,,,,,
207,1,DDP,,TWWWOT,CO2e,,2068,,,,,,,0.0826759968963952,,,,,,,,,,,,,,,
207,1,DDP,,TWWWOT,CO2e,,2069,,,,,,,0.0826759968963952,,,,,,,,,,,,,,,
207,1,DDP,,TWWWOT,CO2e,,2070,,,,,,,0.0826759968963952,,,,,,,,,,,,,,,
207,1,DDP,,SEWERWW,CO2e,,2018,,,,,,,0.0826759968963952,,,,,,,,,,,,,,,
207,1,DDP,,SEWERWW,CO2e,,2019,,,,,,,0.0826759968963952,,,,,,,,,,,,,,,
207,1,DDP,,SEWERWW,CO2e,,2020,,,,,,,0.0826759968963952,,,,,,,,,,,,,,,
207,1,DDP,,SEWERWW,CO2e,,2021,,,,,,,0.0826759968963952,,,,,,,,,,,,,,,
207,1,DDP,,SEWERWW,CO2e,,2022,,,,,,,0.0826759968963952,,,,,,,,,,,,,,,
207,1,DDP,,SEWERWW,CO2e,,2023,,,,,,,0.0826759968963952,,,,,,,,,,,,,,,
207,1,DDP,,SEWERWW,CO2e,,2024,,,,,,,0.0826759968963952,,,,,,,,,,,,,,,
207,1,DDP,,SEWERWW,CO2e,,2025,,,,,,,0.0826759968963952,,,,,,,,,,,,,,,
207,1,DDP,,SEWERWW,CO2e,,2026,,,,,,,0.0826759968963952,,,,,,,,,,,,,,,
207,1,DDP,,SEWERWW,CO2e,,2027,,,,,,,0.0826759968963952,,,,,,,,,,,,,,,
207,1,DDP,,SEWERWW,CO2e,,2028,,,,,,,0.0826759968963952,,,,,,,,,,,,,,,
207,1,DDP,,SEWERWW,CO2e,,2029,,,,,,,0.0826759968963952,,,,,,,,,,,,,,,
207,1,DDP,,SEWERWW,CO2e,,2030,,,,,,,0.0826759968963952,,,,,,,,,,,,,,,
207,1,DDP,,SEWERWW,CO2e,,2031,,,,,,,0.0826759968963952,,,,,,,,,,,,,,,
207,1,DDP,,SEWERWW,CO2e,,2032,,,,,,,0.0826759968963952,,,,,,,,,,,,,,,
207,1,DDP,,SEWERWW,CO2e,,2033,,,,,,,0.0826759968963952,,,,,,,,,,,,,,,
207,1,DDP,,SEWERWW,CO2e,,2034,,,,,,,0.0826759968963952,,,,,,,,,,,,,,,
207,1,DDP,,SEWERWW,CO2e,,2035,,,,,,,0.0826759968963952,,,,,,,,,,,,,,,
207,1,DDP,,SEWERWW,CO2e,,2036,,,,,,,0.0826759968963952,,,,,,,,,,,,,,,
207,1,DDP,,SEWERWW,CO2e,,2037,,,,,,,0.0826759968963952,,,,,,,,,,,,,,,
207,1,DDP,,SEWERWW,CO2e,,2038,,,,,,,0.0826759968963952,,,,,,,,,,,,,,,
207,1,DDP,,SEWERWW,CO2e,,2039,,,,,,,0.0826759968963952,,,,,,,,,,,,,,,
207,1,DDP,,SEWERWW,CO2e,,2040,,,,,,,0.0826759968963952,,,,,,,,,,,,,,,
207,1,DDP,,SEWERWW,CO2e,,2041,,,,,,,0.0826759968963952,,,,,,,,,,,,,,,
207,1,DDP,,SEWERWW,CO2e,,2042,,,,,,,0.0826759968963952,,,,,,,,,,,,,,,
207,1,DDP,,SEWERWW,CO2e,,2043,,,,,,,0.0826759968963952,,,,,,,,,,,,,,,
207,1,DDP,,SEWERWW,CO2e,,2044,,,,,,,0.0826759968963952,,,,,,,,,,,,,,,
207,1,DDP,,SEWERWW,CO2e,,2045,,,,,,,0.0826759968963952,,,,,,,,,,,,,,,
207,1,DDP,,SEWERWW,CO2e,,2046,,,,,,,0.0826759968963952,,,,,,,,,,,,,,,
207,1,DDP,,SEWERWW,CO2e,,2047,,,,,,,0.0826759968963952,,,,,,,,,,,,,,,
207,1,DDP,,SEWERWW,CO2e,,2048,,,,,,,0.0826759968963952,,,,,,,,,,,,,,,
207,1,DDP,,SEWERWW,CO2e,,2049,,,,,,,0.0826759968963952,,,,,,,,,,,,,,,
207,1,DDP,,SEWERWW,CO2e,,2050,,,,,,,0.0826759968963952,,,,,,,,,,,,,,,
207,1,DDP,,SEWERWW,CO2e,,2051,,,,,,,0.0826759968963952,,,,,,,,,,,,,,,
207,1,DDP,,SEWERWW,CO2e,,2052,,,,,,,0.0826759968963952,,,,,,,,,,,,,,,
207,1,DDP,,SEWERWW,CO2e,,2053,,,,,,,0.0826759968963952,,,,,,,,,,,,,,,
207,1,DDP,,SEWERWW,CO2e,,2054,,,,,,,0.0826759968963952,,,,,,,,,,,,,,,
207,1,DDP,,SEWERWW,CO2e,,2055,,,,,,,0.0826759968963952,,,,,,,,,,,,,,,
207,1,DDP,,SEWERWW,CO2e,,2056,,,,,,,0.0826759968963952,,,,,,,,,,,,,,,
207,1,DDP,,SEWERWW,CO2e,,2057,,,,,,,0.0826759968963952,,,,,,,,,,,,,,,
207,1,DDP,,SEWERWW,CO2e,,2058,,,,,,,0.0826759968963952,,,,,,,,,,,,,,,
207,1,DDP,,SEWERWW,CO2e,,2059,,,,,,,0.0826759968963952,,,,,,,,,,,,,,,
207,1,DDP,,SEWERWW,CO2e,,2060,,,,,,,0.0826759968963952,,,,,,,,,,,,,,,
207,1,DDP,,SEWERWW,CO2e,,2061,,,,,,,0.0826759968963952,,,,,,,,,,,,,,,
207,1,DDP,,SEWERWW,CO2e,,2062,,,,,,,0.0826759968963952,,,,,,,,,,,,,,,
207,1,DDP,,SEWERWW,CO2e,,2063,,,,,,,0.0826759968963952,,,,,,,,,,,,,,,
207,1,DDP,,SEWERWW,CO2e,,2064,,,,,,,0.0826759968963952,,,,,,,,,,,,,,,
207,1,DDP,,SEWERWW,CO2e,,2065,,,,,,,0.0826759968963952,,,,,,,,,,,,,,,
207,1,DDP,,SEWERWW,CO2e,,2066,,,,,,,0.0826759968963952,,,,,,,,,,,,,,,
207,1,DDP,,SEWERWW,CO2e,,2067,,,,,,,0.0826759968963952,,,,,,,,,,,,,,,
207,1,DDP,,SEWERWW,CO2e,,2068,,,,,,,0.0826759968963952,,,,,,,,,,,,,,,
207,1,DDP,,SEWERWW,CO2e,,2069,,,,,,,0.0826759968963952,,,,,,,,,,,,,,,
207,1,DDP,,SEWERWW,CO2e,,2070,,,,,,,0.0826759968963952,,,,,,,,,,,,,,,
207,1,DDP,,STWW,CO2e,,2018,,,,,,,0.0826759968963952,,,,,,,,,,,,,,,
207,1,DDP,,STWW,CO2e,,2019,,,,,,,0.0826759968963952,,,,,,,,,,,,,,,
207,1,DDP,,STWW,CO2e,,2020,,,,,,,0.0826759968963952,,,,,,,,,,,,,,,
207,1,DDP,,STWW,CO2e,,2021,,,,,,,0.0826759968963952,,,,,,,,,,,,,,,
207,1,DDP,,STWW,CO2e,,2022,,,,,,,0.0826759968963952,,,,,,,,,,,,,,,
207,1,DDP,,STWW,CO2e,,2023,,,,,,,0.0826759968963952,,,,,,,,,,,,,,,
207,1,DDP,,STWW,CO2e,,2024,,,,,,,0.0826759968963952,,,,,,,,,,,,,,,
207,1,DDP,,STWW,CO2e,,2025,,,,,,,0.0826759968963952,,,,,,,,,,,,,,,
207,1,DDP,,STWW,CO2e,,2026,,,,,,,0.0826759968963952,,,,,,,,,,,,,,,
207,1,DDP,,STWW,CO2e,,2027,,,,,,,0.0826759968963952,,,,,,,,,,,,,,,
207,1,DDP,,STWW,CO2e,,2028,,,,,,,0.0826759968963952,,,,,,,,,,,,,,,
207,1,DDP,,STWW,CO2e,,2029,,,,,,,0.0826759968963952,,,,,,,,,,,,,,,
207,1,DDP,,STWW,CO2e,,2030,,,,,,,0.0826759968963952,,,,,,,,,,,,,,,
207,1,DDP,,STWW,CO2e,,2031,,,,,,,0.0826759968963952,,,,,,,,,,,,,,,
207,1,DDP,,STWW,CO2e,,2032,,,,,,,0.0826759968963952,,,,,,,,,,,,,,,
207,1,DDP,,STWW,CO2e,,2033,,,,,,,0.0826759968963952,,,,,,,,,,,,,,,
207,1,DDP,,STWW,CO2e,,2034,,,,,,,0.0826759968963952,,,,,,,,,,,,,,,
207,1,DDP,,STWW,CO2e,,2035,,,,,,,0.0826759968963952,,,,,,,,,,,,,,,
207,1,DDP,,STWW,CO2e,,2036,,,,,,,0.0826759968963952,,,,,,,,,,,,,,,
207,1,DDP,,STWW,CO2e,,2037,,,,,,,0.0826759968963952,,,,,,,,,,,,,,,
207,1,DDP,,STWW,CO2e,,2038,,,,,,,0.0826759968963952,,,,,,,,,,,,,,,
207,1,DDP,,STWW,CO2e,,2039,,,,,,,0.0826759968963952,,,,,,,,,,,,,,,
207,1,DDP,,STWW,CO2e,,2040,,,,,,,0.0826759968963952,,,,,,,,,,,,,,,
207,1,DDP,,STWW,CO2e,,2041,,,,,,,0.0826759968963952,,,,,,,,,,,,,,,
207,1,DDP,,STWW,CO2e,,2042,,,,,,,0.0826759968963952,,,,,,,,,,,,,,,
207,1,DDP,,STWW,CO2e,,2043,,,,,,,0.0826759968963952,,,,,,,,,,,,,,,
207,1,DDP,,STWW,CO2e,,2044,,,,,,,0.0826759968963952,,,,,,,,,,,,,,,
207,1,DDP,,STWW,CO2e,,2045,,,,,,,0.0826759968963952,,,,,,,,,,,,,,,
207,1,DDP,,STWW,CO2e,,2046,,,,,,,0.0826759968963952,,,,,,,,,,,,,,,
207,1,DDP,,STWW,CO2e,,2047,,,,,,,0.0826759968963952,,,,,,,,,,,,,,,
207,1,DDP,,STWW,CO2e,,2048,,,,,,,0.0826759968963952,,,,,,,,,,,,,,,
207,1,DDP,,STWW,CO2e,,2049,,,,,,,0.0826759968963952,,,,,,,,,,,,,,,
207,1,DDP,,STWW,CO2e,,2050,,,,,,,0.0826759968963952,,,,,,,,,,,,,,,
207,1,DDP,,STWW,CO2e,,2051,,,,,,,0.0826759968963952,,,,,,,,,,,,,,,
207,1,DDP,,STWW,CO2e,,2052,,,,,,,0.0826759968963952,,,,,,,,,,,,,,,
207,1,DDP,,STWW,CO2e,,2053,,,,,,,0.0826759968963952,,,,,,,,,,,,,,,
207,1,DDP,,STWW,CO2e,,2054,,,,,,,0.0826759968963952,,,,,,,,,,,,,,,
207,1,DDP,,STWW,CO2e,,2055,,,,,,,0.0826759968963952,,,,,,,,,,,,,,,
207,1,DDP,,STWW,CO2e,,2056,,,,,,,0.0826759968963952,,,,,,,,,,,,,,,
207,1,DDP,,STWW,CO2e,,2057,,,,,,,0.0826759968963952,,,,,,,,,,,,,,,
207,1,DDP,,STWW,CO2e,,2058,,,,,,,0.0826759968963952,,,,,,,,,,,,,,,
207,1,DDP,,STWW,CO2e,,2059,,,,,,,0.0826759968963952,,,,,,,,,,,,,,,
207,1,DDP,,STWW,CO2e,,2060,,,,,,,0.0826759968963952,,,,,,,,,,,,,,,
207,1,DDP,,STWW,CO2e,,2061,,,,,,,0.0826759968963952,,,,,,,,,,,,,,,
207,1,DDP,,STWW,CO2e,,2062,,,,,,,0.0826759968963952,,,,,,,,,,,,,,,
207,1,DDP,,STWW,CO2e,,2063,,,,,,,0.0826759968963952,,,,,,,,,,,,,,,
207,1,DDP,,STWW,CO2e,,2064,,,,,,,0.0826759968963952,,,,,,,,,,,,,,,
207,1,DDP,,STWW,CO2e,,2065,,,,,,,0.0826759968963952,,,,,,,,,,,,,,,
207,1,DDP,,STWW,CO2e,,2066,,,,,,,0.0826759968963952,,,,,,,,,,,,,,,
207,1,DDP,,STWW,CO2e,,2067,,,,,,,0.0826759968963952,,,,,,,,,,,,,,,
207,1,DDP,,STWW,CO2e,,2068,,,,,,,0.0826759968963952,,,,,,,,,,,,,,,
207,1,DDP,,STWW,CO2e,,2069,,,,,,,0.0826759968963952,,,,,,,,,,,,,,,
207,1,DDP,,STWW,CO2e,,2070,,,,,,,0.0826759968963952,,,,,,,,,,,,,,,
207,1,DDP,,IWW,CO2e,,2018,,,,,,,0.625,,,,,,,,,,,,,,,
207,1,DDP,,IWW,CO2e,,2019,,,,,,,0.625,,,,,,,,,,,,,,,
207,1,DDP,,IWW,CO2e,,2020,,,,,,,0.625,,,,,,,,,,,,,,,
207,1,DDP,,IWW,CO2e,,2021,,,,,,,0.625,,,,,,,,,,,,,,,
207,1,DDP,,IWW,CO2e,,2022,,,,,,,0.625,,,,,,,,,,,,,,,
207,1,DDP,,IWW,CO2e,,2023,,,,,,,0.625,,,,,,,,,,,,,,,
207,1,DDP,,IWW,CO2e,,2024,,,,,,,0.625,,,,,,,,,,,,,,,
207,1,DDP,,IWW,CO2e,,2025,,,,,,,0.625,,,,,,,,,,,,,,,
207,1,DDP,,IWW,CO2e,,2026,,,,,,,0.625,,,,,,,,,,,,,,,
207,1,DDP,,IWW,CO2e,,2027,,,,,,,0.625,,,,,,,,,,,,,,,
207,1,DDP,,IWW,CO2e,,2028,,,,,,,0.625,,,,,,,,,,,,,,,
207,1,DDP,,IWW,CO2e,,2029,,,,,,,0.625,,,,,,,,,,,,,,,
207,1,DDP,,IWW,CO2e,,2030,,,,,,,0.625,,,,,,,,,,,,,,,
207,1,DDP,,IWW,CO2e,,2031,,,,,,,0.625,,,,,,,,,,,,,,,
207,1,DDP,,IWW,CO2e,,2032,,,,,,,0.625,,,,,,,,,,,,,,,
207,1,DDP,,IWW,CO2e,,2033,,,,,,,0.625,,,,,,,,,,,,,,,
207,1,DDP,,IWW,CO2e,,2034,,,,,,,0.625,,,,,,,,,,,,,,,
207,1,DDP,,IWW,CO2e,,2035,,,,,,,0.625,,,,,,,,,,,,,,,
207,1,DDP,,IWW,CO2e,,2036,,,,,,,0.625,,,,,,,,,,,,,,,
207,1,DDP,,IWW,CO2e,,2037,,,,,,,0.625,,,,,,,,,,,,,,,
207,1,DDP,,IWW,CO2e,,2038,,,,,,,0.625,,,,,,,,,,,,,,,
207,1,DDP,,IWW,CO2e,,2039,,,,,,,0.625,,,,,,,,,,,,,,,
207,1,DDP,,IWW,CO2e,,2040,,,,,,,0.625,,,,,,,,,,,,,,,
207,1,DDP,,IWW,CO2e,,2041,,,,,,,0.625,,,,,,,,,,,,,,,
207,1,DDP,,IWW,CO2e,,2042,,,,,,,0.625,,,,,,,,,,,,,,,
207,1,DDP,,IWW,CO2e,,2043,,,,,,,0.625,,,,,,,,,,,,,,,
207,1,DDP,,IWW,CO2e,,2044,,,,,,,0.625,,,,,,,,,,,,,,,
207,1,DDP,,IWW,CO2e,,2045,,,,,,,0.625,,,,,,,,,,,,,,,
207,1,DDP,,IWW,CO2e,,2046,,,,,,,0.625,,,,,,,,,,,,,,,
207,1,DDP,,IWW,CO2e,,2047,,,,,,,0.625,,,,,,,,,,,,,,,
207,1,DDP,,IWW,CO2e,,2048,,,,,,,0.625,,,,,,,,,,,,,,,
207,1,DDP,,IWW,CO2e,,2049,,,,,,,0.625,,,,,,,,,,,,,,,
207,1,DDP,,IWW,CO2e,,2050,,,,,,,0.625,,,,,,,,,,,,,,,
207,1,DDP,,IWW,CO2e,,2051,,,,,,,0.625,,,,,,,,,,,,,,,
207,1,DDP,,IWW,CO2e,,2052,,,,,,,0.625,,,,,,,,,,,,,,,
207,1,DDP,,IWW,CO2e,,2053,,,,,,,0.625,,,,,,,,,,,,,,,
207,1,DDP,,IWW,CO2e,,2054,,,,,,,0.625,,,,,,,,,,,,,,,
207,1,DDP,,IWW,CO2e,,2055,,,,,,,0.625,,,,,,,,,,,,,,,
207,1,DDP,,IWW,CO2e,,2056,,,,,,,0.625,,,,,,,,,,,,,,,
207,1,DDP,,IWW,CO2e,,2057,,,,,,,0.625,,,,,,,,,,,,,,,
207,1,DDP,,IWW,CO2e,,2058,,,,,,,0.625,,,,,,,,,,,,,,,
207,1,DDP,,IWW,CO2e,,2059,,,,,,,0.625,,,,,,,,,,,,,,,
207,1,DDP,,IWW,CO2e,,2060,,,,,,,0.625,,,,,,,,,,,,,,,
207,1,DDP,,IWW,CO2e,,2061,,,,,,,0.625,,,,,,,,,,,,,,,
207,1,DDP,,IWW,CO2e,,2062,,,,,,,0.625,,,,,,,,,,,,,,,
207,1,DDP,,IWW,CO2e,,2063,,,,,,,0.625,,,,,,,,,,,,,,,
207,1,DDP,,IWW,CO2e,,2064,,,,,,,0.625,,,,,,,,,,,,,,,
207,1,DDP,,IWW,CO2e,,2065,,,,,,,0.625,,,,,,,,,,,,,,,
207,1,DDP,,IWW,CO2e,,2066,,,,,,,0.625,,,,,,,,,,,,,,,
207,1,DDP,,IWW,CO2e,,2067,,,,,,,0.625,,,,,,,,,,,,,,,
207,1,DDP,,IWW,CO2e,,2068,,,,,,,0.625,,,,,,,,,,,,,,,
207,1,DDP,,IWW,CO2e,,2069,,,,,,,0.625,,,,,,,,,,,,,,,
207,1,DDP,,IWW,CO2e,,2070,,,,,,,0.625,,,,,,,,,,,,,,,
207,1,DDP,,LANDFILL_ELEC,CO2e,,2018,,,,,,,-1.0,,,,,,,,,,,,,,,
207,1,DDP,,LANDFILL_ELEC,CO2e,,2019,,,,,,,-1.0,,,,,,,,,,,,,,,
207,1,DDP,,LANDFILL_ELEC,CO2e,,2020,,,,,,,-1.0,,,,,,,,,,,,,,,
207,1,DDP,,LANDFILL_ELEC,CO2e,,2021,,,,,,,-1.0,,,,,,,,,,,,,,,
207,1,DDP,,LANDFILL_ELEC,CO2e,,2022,,,,,,,-1.0,,,,,,,,,,,,,,,
207,1,DDP,,LANDFILL_ELEC,CO2e,,2023,,,,,,,-1.0,,,,,,,,,,,,,,,
207,1,DDP,,LANDFILL_ELEC,CO2e,,2024,,,,,,,-1.0,,,,,,,,,,,,,,,
207,1,DDP,,LANDFILL_ELEC,CO2e,,2025,,,,,,,-1.0,,,,,,,,,,,,,,,
207,1,DDP,,LANDFILL_ELEC,CO2e,,2026,,,,,,,-1.0,,,,,,,,,,,,,,,
207,1,DDP,,LANDFILL_ELEC,CO2e,,2027,,,,,,,-1.0,,,,,,,,,,,,,,,
207,1,DDP,,LANDFILL_ELEC,CO2e,,2028,,,,,,,-1.0,,,,,,,,,,,,,,,
207,1,DDP,,LANDFILL_ELEC,CO2e,,2029,,,,,,,-1.0,,,,,,,,,,,,,,,
207,1,DDP,,LANDFILL_ELEC,CO2e,,2030,,,,,,,-1.0,,,,,,,,,,,,,,,
207,1,DDP,,LANDFILL_ELEC,CO2e,,2031,,,,,,,-1.0,,,,,,,,,,,,,,,
207,1,DDP,,LANDFILL_ELEC,CO2e,,2032,,,,,,,-1.0,,,,,,,,,,,,,,,
207,1,DDP,,LANDFILL_ELEC,CO2e,,2033,,,,,,,-1.0,,,,,,,,,,,,,,,
207,1,DDP,,LANDFILL_ELEC,CO2e,,2034,,,,,,,-1.0,,,,,,,,,,,,,,,
207,1,DDP,,LANDFILL_ELEC,CO2e,,2035,,,,,,,-1.0,,,,,,,,,,,,,,,
207,1,DDP,,LANDFILL_ELEC,CO2e,,2036,,,,,,,-1.0,,,,,,,,,,,,,,,
207,1,DDP,,LANDFILL_ELEC,CO2e,,2037,,,,,,,-1.0,,,,,,,,,,,,,,,
207,1,DDP,,LANDFILL_ELEC,CO2e,,2038,,,,,,,-1.0,,,,,,,,,,,,,,,
207,1,DDP,,LANDFILL_ELEC,CO2e,,2039,,,,,,,-1.0,,,,,,,,,,,,,,,
207,1,DDP,,LANDFILL_ELEC,CO2e,,2040,,,,,,,-1.0,,,,,,,,,,,,,,,
207,1,DDP,,LANDFILL_ELEC,CO2e,,2041,,,,,,,-1.0,,,,,,,,,,,,,,,
207,1,DDP,,LANDFILL_ELEC,CO2e,,2042,,,,,,,-1.0,,,,,,,,,,,,,,,
207,1,DDP,,LANDFILL_ELEC,CO2e,,2043,,,,,,,-1.0,,,,,,,,,,,,,,,
207,1,DDP,,LANDFILL_ELEC,CO2e,,2044,,,,,,,-1.0,,,,,,,,,,,,,,,
207,1,DDP,,LANDFILL_ELEC,CO2e,,2045,,,,,,,-1.0,,,,,,,,,,,,,,,
207,1,DDP,,LANDFILL_ELEC,CO2e,,2046,,,,,,,-1.0,,,,,,,,,,,,,,,
207,1,DDP,,LANDFILL_ELEC,CO2e,,2047,,,,,,,-1.0,,,,,,,,,,,,,,,
207,1,DDP,,LANDFILL_ELEC,CO2e,,2048,,,,,,,-1.0,,,,,,,,,,,,,,,
207,1,DDP,,LANDFILL_ELEC,CO2e,,2049,,,,,,,-1.0,,,,,,,,,,,,,,,
207,1,DDP,,LANDFILL_ELEC,CO2e,,2050,,,,,,,-1.0,,,,,,,,,,,,,,,
207,1,DDP,,LANDFILL_ELEC,CO2e,,2051,,,,,,,-1.0,,,,,,,,,,,,,,,
207,1,DDP,,LANDFILL_ELEC,CO2e,,2052,,,,,,,-1.0,,,,,,,,,,,,,,,
207,1,DDP,,LANDFILL_ELEC,CO2e,,2053,,,,,,,-1.0,,,,,,,,,,,,,,,
207,1,DDP,,LANDFILL_ELEC,CO2e,,2054,,,,,,,-1.0,,,,,,,,,,,,,,,
207,1,DDP,,LANDFILL_ELEC,CO2e,,2055,,,,,,,-1.0,,,,,,,,,,,,,,,
207,1,DDP,,LANDFILL_ELEC,CO2e,,2056,,,,,,,-1.0,,,,,,,,,,,,,,,
207,1,DDP,,LANDFILL_ELEC,CO2e,,2057,,,,,,,-1.0,,,,,,,,,,,,,,,
207,1,DDP,,LANDFILL_ELEC,CO2e,,2058,,,,,,,-1.0,,,,,,,,,,,,,,,
207,1,DDP,,LANDFILL_ELEC,CO2e,,2059,,,,,,,-1.0,,,,,,,,,,,,,,,
207,1,DDP,,LANDFILL_ELEC,CO2e,,2060,,,,,,,-1.0,,,,,,,,,,,,,,,
207,1,DDP,,LANDFILL_ELEC,CO2e,,2061,,,,,,,-1.0,,,,,,,,,,,,,,,
207,1,DDP,,LANDFILL_ELEC,CO2e,,2062,,,,,,,-1.0,,,,,,,,,,,,,,,
207,1,DDP,,LANDFILL_ELEC,CO2e,,2063,,,,,,,-1.0,,,,,,,,,,,,,,,
207,1,DDP,,LANDFILL_ELEC,CO2e,,2064,,,,,,,-1.0,,,,,,,,,,,,,,,
207,1,DDP,,LANDFILL_ELEC,CO2e,,2065,,,,,,,-1.0,,,,,,,,,,,,,,,
207,1,DDP,,LANDFILL_ELEC,CO2e,,2066,,,,,,,-1.0,,,,,,,,,,,,,,,
207,1,DDP,,LANDFILL_ELEC,CO2e,,2067,,,,,,,-1.0,,,,,,,,,,,,,,,
207,1,DDP,,LANDFILL_ELEC,CO2e,,2068,,,,,,,-1.0,,,,,,,,,,,,,,,
207,1,DDP,,LANDFILL_ELEC,CO2e,,2069,,,,,,,-1.0,,,,,,,,,,,,,,,
207,1,DDP,,LANDFILL_ELEC,CO2e,,2070,,,,,,,-1.0,,,,,,,,,,,,,,,
207,1,DDP,,INORG_RCY_OS,RM,,2018,,,,,,,1.0,,,,,,,,,,,,,,,
207,1,DDP,,INORG_RCY_OS,RM,,2019,,,,,,,1.0,,,,,,,,,,,,,,,
207,1,DDP,,INORG_RCY_OS,RM,,2020,,,,,,,1.0,,,,,,,,,,,,,,,
207,1,DDP,,INORG_RCY_OS,RM,,2021,,,,,,,1.0,,,,,,,,,,,,,,,
207,1,DDP,,INORG_RCY_OS,RM,,2022,,,,,,,1.0,,,,,,,,,,,,,,,
207,1,DDP,,INORG_RCY_OS,RM,,2023,,,,,,,1.0,,,,,,,,,,,,,,,
207,1,DDP,,INORG_RCY_OS,RM,,2024,,,,,,,1.0,,,,,,,,,,,,,,,
207,1,DDP,,INORG_RCY_OS,RM,,2025,,,,,,,1.0,,,,,,,,,,,,,,,
207,1,DDP,,INORG_RCY_OS,RM,,2026,,,,,,,1.0,,,,,,,,,,,,,,,
207,1,DDP,,INORG_RCY_OS,RM,,2027,,,,,,,1.0,,,,,,,,,,,,,,,
207,1,DDP,,INORG_RCY_OS,RM,,2028,,,,,,,1.0,,,,,,,,,,,,,,,
207,1,DDP,,INORG_RCY_OS,RM,,2029,,,,,,,1.0,,,,,,,,,,,,,,,
207,1,DDP,,INORG_RCY_OS,RM,,2030,,,,,,,1.0,,,,,,,,,,,,,,,
207,1,DDP,,INORG_RCY_OS,RM,,2031,,,,,,,1.0,,,,,,,,,,,,,,,
207,1,DDP,,INORG_RCY_OS,RM,,2032,,,,,,,1.0,,,,,,,,,,,,,,,
207,1,DDP,,INORG_RCY_OS,RM,,2033,,,,,,,1.0,,,,,,,,,,,,,,,
207,1,DDP,,INORG_RCY_OS,RM,,2034,,,,,,,1.0,,,,,,,,,,,,,,,
207,1,DDP,,INORG_RCY_OS,RM,,2035,,,,,,,1.0,,,,,,,,,,,,,,,
207,1,DDP,,INORG_RCY_OS,RM,,2036,,,,,,,1.0,,,,,,,,,,,,,,,
207,1,DDP,,INORG_RCY_OS,RM,,2037,,,,,,,1.0,,,,,,,,,,,,,,,
207,1,DDP,,INORG_RCY_OS,RM,,2038,,,,,,,1.0,,,,,,,,,,,,,,,
207,1,DDP,,INORG_RCY_OS,RM,,2039,,,,,,,1.0,,,,,,,,,,,,,,,
207,1,DDP,,INORG_RCY_OS,RM,,2040,,,,,,,1.0,,,,,,,,,,,,,,,
207,1,DDP,,INORG_RCY_OS,RM,,2041,,,,,,,1.0,,,,,,,,,,,,,,,
207,1,DDP,,INORG_RCY_OS,RM,,2042,,,,,,,1.0,,,,,,,,,,,,,,,
207,1,DDP,,INORG_RCY_OS,RM,,2043,,,,,,,1.0,,,,,,,,,,,,,,,
207,1,DDP,,INORG_RCY_OS,RM,,2044,,,,,,,1.0,,,,,,,,,,,,,,,
207,1,DDP,,INORG_RCY_OS,RM,,2045,,,,,,,1.0,,,,,,,,,,,,,,,
207,1,DDP,,INORG_RCY_OS,RM,,2046,,,,,,,1.0,,,,,,,,,,,,,,,
207,1,DDP,,INORG_RCY_OS,RM,,2047,,,,,,,1.0,,,,,,,,,,,,,,,
207,1,DDP,,INORG_RCY_OS,RM,,2048,,,,,,,1.0,,,,,,,,,,,,,,,
207,1,DDP,,INORG_RCY_OS,RM,,2049,,,,,,,1.0,,,,,,,,,,,,,,,
207,1,DDP,,INORG_RCY_OS,RM,,2050,,,,,,,1.0,,,,,,,,,,,,,,,
207,1,DDP,,INORG_RCY_OS,RM,,2051,,,,,,,1.0,,,,,,,,,,,,,,,
207,1,DDP,,INORG_RCY_OS,RM,,2052,,,,,,,1.0,,,,,,,,,,,,,,,
207,1,DDP,,INORG_RCY_OS,RM,,2053,,,,,,,1.0,,,,,,,,,,,,,,,
207,1,DDP,,INORG_RCY_OS,RM,,2054,,,,,,,1.0,,,,,,,,,,,,,,,
207,1,DDP,,INORG_RCY_OS,RM,,2055,,,,,,,1.0,,,,,,,,,,,,,,,
207,1,DDP,,INORG_RCY_OS,RM,,2056,,,,,,,1.0,,,,,,,,,,,,,,,
207,1,DDP,,INORG_RCY_OS,RM,,2057,,,,,,,1.0,,,,,,,,,,,,,,,
207,1,DDP,,INORG_RCY_OS,RM,,2058,,,,,,,1.0,,,,,,,,,,,,,,,
207,1,DDP,,INORG_RCY_OS,RM,,2059,,,,,,,1.0,,,,,,,,,,,,,,,
207,1,DDP,,INORG_RCY_OS,RM,,2060,,,,,,,1.0,,,,,,,,,,,,,,,
207,1,DDP,,INORG_RCY_OS,RM,,2061,,,,,,,1.0,,,,,,,,,,,,,,,
207,1,DDP,,INORG_RCY_OS,RM,,2062,,,,,,,1.0,,,,,,,,,,,,,,,
207,1,DDP,,INORG_RCY_OS,RM,,2063,,,,,,,1.0,,,,,,,,,,,,,,,
207,1,DDP,,INORG_RCY_OS,RM,,2064,,,,,,,1.0,,,,,,,,,,,,,,,
207,1,DDP,,INORG_RCY_OS,RM,,2065,,,,,,,1.0,,,,,,,,,,,,,,,
207,1,DDP,,INORG_RCY_OS,RM,,2066,,,,,,,1.0,,,,,,,,,,,,,,,
207,1,DDP,,INORG_RCY_OS,RM,,2067,,,,,,,1.0,,,,,,,,,,,,,,,
207,1,DDP,,INORG_RCY_OS,RM,,2068,,,,,,,1.0,,,,,,,,,,,,,,,
207,1,DDP,,INORG_RCY_OS,RM,,2069,,,,,,,1.0,,,,,,,,,,,,,,,
207,1,DDP,,INORG_RCY_OS,RM,,2070,,,,,,,1.0,,,,,,,,,,,,,,,
207,1,DDP,,WWWTFIRU,WTRU,,2018,,,,,,,1.0,,,,,,,,,,,,,,,
207,1,DDP,,WWWTFIRU,WTRU,,2019,,,,,,,1.0,,,,,,,,,,,,,,,
207,1,DDP,,WWWTFIRU,WTRU,,2020,,,,,,,1.0,,,,,,,,,,,,,,,
207,1,DDP,,WWWTFIRU,WTRU,,2021,,,,,,,1.0,,,,,,,,,,,,,,,
207,1,DDP,,WWWTFIRU,WTRU,,2022,,,,,,,1.0,,,,,,,,,,,,,,,
207,1,DDP,,WWWTFIRU,WTRU,,2023,,,,,,,1.0,,,,,,,,,,,,,,,
207,1,DDP,,WWWTFIRU,WTRU,,2024,,,,,,,1.0,,,,,,,,,,,,,,,
207,1,DDP,,WWWTFIRU,WTRU,,2025,,,,,,,1.0,,,,,,,,,,,,,,,
207,1,DDP,,WWWTFIRU,WTRU,,2026,,,,,,,1.0,,,,,,,,,,,,,,,
207,1,DDP,,WWWTFIRU,WTRU,,2027,,,,,,,1.0,,,,,,,,,,,,,,,
207,1,DDP,,WWWTFIRU,WTRU,,2028,,,,,,,1.0,,,,,,,,,,,,,,,
207,1,DDP,,WWWTFIRU,WTRU,,2029,,,,,,,1.0,,,,,,,,,,,,,,,
207,1,DDP,,WWWTFIRU,WTRU,,2030,,,,,,,1.0,,,,,,,,,,,,,,,
207,1,DDP,,WWWTFIRU,WTRU,,2031,,,,,,,1.0,,,,,,,,,,,,,,,
207,1,DDP,,WWWTFIRU,WTRU,,2032,,,,,,,1.0,,,,,,,,,,,,,,,
207,1,DDP,,WWWTFIRU,WTRU,,2033,,,,,,,1.0,,,,,,,,,,,,,,,
207,1,DDP,,WWWTFIRU,WTRU,,2034,,,,,,,1.0,,,,,,,,,,,,,,,
207,1,DDP,,WWWTFIRU,WTRU,,2035,,,,,,,1.0,,,,,,,,,,,,,,,
207,1,DDP,,WWWTFIRU,WTRU,,2036,,,,,,,1.0,,,,,,,,,,,,,,,
207,1,DDP,,WWWTFIRU,WTRU,,2037,,,,,,,1.0,,,,,,,,,,,,,,,
207,1,DDP,,WWWTFIRU,WTRU,,2038,,,,,,,1.0,,,,,,,,,,,,,,,
207,1,DDP,,WWWTFIRU,WTRU,,2039,,,,,,,1.0,,,,,,,,,,,,,,,
207,1,DDP,,WWWTFIRU,WTRU,,2040,,,,,,,1.0,,,,,,,,,,,,,,,
207,1,DDP,,WWWTFIRU,WTRU,,2041,,,,,,,1.0,,,,,,,,,,,,,,,
207,1,DDP,,WWWTFIRU,WTRU,,2042,,,,,,,1.0,,,,,,,,,,,,,,,
207,1,DDP,,WWWTFIRU,WTRU,,2043,,,,,,,1.0,,,,,,,,,,,,,,,
207,1,DDP,,WWWTFIRU,WTRU,,2044,,,,,,,1.0,,,,,,,,,,,,,,,
207,1,DDP,,WWWTFIRU,WTRU,,2045,,,,,,,1.0,,,,,,,,,,,,,,,
207,1,DDP,,WWWTFIRU,WTRU,,2046,,,,,,,1.0,,,,,,,,,,,,,,,
207,1,DDP,,WWWTFIRU,WTRU,,2047,,,,,,,1.0,,,,,,,,,,,,,,,
207,1,DDP,,WWWTFIRU,WTRU,,2048,,,,,,,1.0,,,,,,,,,,,,,,,
207,1,DDP,,WWWTFIRU,WTRU,,2049,,,,,,,1.0,,,,,,,,,,,,,,,
207,1,DDP,,WWWTFIRU,WTRU,,2050,,,,,,,1.0,,,,,,,,,,,,,,,
207,1,DDP,,WWWTFIRU,WTRU,,2051,,,,,,,1.0,,,,,,,,,,,,,,,
207,1,DDP,,WWWTFIRU,WTRU,,2052,,,,,,,1.0,,,,,,,,,,,,,,,
207,1,DDP,,WWWTFIRU,WTRU,,2053,,,,,,,1.0,,,,,,,,,,,,,,,
207,1,DDP,,WWWTFIRU,WTRU,,2054,,,,,,,1.0,,,,,,,,,,,,,,,
207,1,DDP,,WWWTFIRU,WTRU,,2055,,,,,,,1.0,,,,,,,,,,,,,,,
207,1,DDP,,WWWTFIRU,WTRU,,2056,,,,,,,1.0,,,,,,,,,,,,,,,
207,1,DDP,,WWWTFIRU,WTRU,,2057,,,,,,,1.0,,,,,,,,,,,,,,,
207,1,DDP,,WWWTFIRU,WTRU,,2058,,,,,,,1.0,,,,,,,,,,,,,,,
207,1,DDP,,WWWTFIRU,WTRU,,2059,,,,,,,1.0,,,,,,,,,,,,,,,
207,1,DDP,,WWWTFIRU,WTRU,,2060,,,,,,,1.0,,,,,,,,,,,,,,,
207,1,DDP,,WWWTFIRU,WTRU,,2061,,,,,,,1.0,,,,,,,,,,,,,,,
207,1,DDP,,WWWTFIRU,WTRU,,2062,,,,,,,1.0,,,,,,,,,,,,,,,
207,1,DDP,,WWWTFIRU,WTRU,,2063,,,,,,,1.0,,,,,,,,,,,,,,,
207,1,DDP,,WWWTFIRU,WTRU,,2064,,,,,,,1.0,,,,,,,,,,,,,,,
207,1,DDP,,WWWTFIRU,WTRU,,2065,,,,,,,1.0,,,,,,,,,,,,,,,
207,1,DDP,,WWWTFIRU,WTRU,,2066,,,,,,,1.0,,,,,,,,,,,,,,,
207,1,DDP,,WWWTFIRU,WTRU,,2067,,,,,,,1.0,,,,,,,,,,,,,,,
207,1,DDP,,WWWTFIRU,WTRU,,2068,,,,,,,1.0,,,,,,,,,,,,,,,
207,1,DDP,,WWWTFIRU,WTRU,,2069,,,,,,,1.0,,,,,,,,,,,,,,,
207,1,DDP,,WWWTFIRU,WTRU,,2070,,,,,,,1.0,,,,,,,,,,,,,,,
207,1,DDP,,SEWERWWWT,HWT,,2018,,,,,,,1.0,,,,,,,,,,,,,,,
207,1,DDP,,SEWERWWWT,HWT,,2019,,,,,,,1.0,,,,,,,,,,,,,,,
207,1,DDP,,SEWERWWWT,HWT,,2020,,,,,,,1.0,,,,,,,,,,,,,,,
207,1,DDP,,SEWERWWWT,HWT,,2021,,,,,,,1.0,,,,,,,,,,,,,,,
207,1,DDP,,SEWERWWWT,HWT,,2022,,,,,,,1.0,,,,,,,,,,,,,,,
207,1,DDP,,SEWERWWWT,HWT,,2023,,,,,,,1.0,,,,,,,,,,,,,,,
207,1,DDP,,SEWERWWWT,HWT,,2024,,,,,,,1.0,,,,,,,,,,,,,,,
207,1,DDP,,SEWERWWWT,HWT,,2025,,,,,,,1.0,,,,,,,,,,,,,,,
207,1,DDP,,SEWERWWWT,HWT,,2026,,,,,,,1.0,,,,,,,,,,,,,,,
207,1,DDP,,SEWERWWWT,HWT,,2027,,,,,,,1.0,,,,,,,,,,,,,,,
207,1,DDP,,SEWERWWWT,HWT,,2028,,,,,,,1.0,,,,,,,,,,,,,,,
207,1,DDP,,SEWERWWWT,HWT,,2029,,,,,,,1.0,,,,,,,,,,,,,,,
207,1,DDP,,SEWERWWWT,HWT,,2030,,,,,,,1.0,,,,,,,,,,,,,,,
207,1,DDP,,SEWERWWWT,HWT,,2031,,,,,,,1.0,,,,,,,,,,,,,,,
207,1,DDP,,SEWERWWWT,HWT,,2032,,,,,,,1.0,,,,,,,,,,,,,,,
207,1,DDP,,SEWERWWWT,HWT,,2033,,,,,,,1.0,,,,,,,,,,,,,,,
207,1,DDP,,SEWERWWWT,HWT,,2034,,,,,,,1.0,,,,,,,,,,,,,,,
207,1,DDP,,SEWERWWWT,HWT,,2035,,,,,,,1.0,,,,,,,,,,,,,,,
207,1,DDP,,SEWERWWWT,HWT,,2036,,,,,,,1.0,,,,,,,,,,,,,,,
207,1,DDP,,SEWERWWWT,HWT,,2037,,,,,,,1.0,,,,,,,,,,,,,,,
207,1,DDP,,SEWERWWWT,HWT,,2038,,,,,,,1.0,,,,,,,,,,,,,,,
207,1,DDP,,SEWERWWWT,HWT,,2039,,,,,,,1.0,,,,,,,,,,,,,,,
207,1,DDP,,SEWERWWWT,HWT,,2040,,,,,,,1.0,,,,,,,,,,,,,,,
207,1,DDP,,SEWERWWWT,HWT,,2041,,,,,,,1.0,,,,,,,,,,,,,,,
207,1,DDP,,SEWERWWWT,HWT,,2042,,,,,,,1.0,,,,,,,,,,,,,,,
207,1,DDP,,SEWERWWWT,HWT,,2043,,,,,,,1.0,,,,,,,,,,,,,,,
207,1,DDP,,SEWERWWWT,HWT,,2044,,,,,,,1.0,,,,,,,,,,,,,,,
207,1,DDP,,SEWERWWWT,HWT,,2045,,,,,,,1.0,,,,,,,,,,,,,,,
207,1,DDP,,SEWERWWWT,HWT,,2046,,,,,,,1.0,,,,,,,,,,,,,,,
207,1,DDP,,SEWERWWWT,HWT,,2047,,,,,,,1.0,,,,,,,,,,,,,,,
207,1,DDP,,SEWERWWWT,HWT,,2048,,,,,,,1.0,,,,,,,,,,,,,,,
207,1,DDP,,SEWERWWWT,HWT,,2049,,,,,,,1.0,,,,,,,,,,,,,,,
207,1,DDP,,SEWERWWWT,HWT,,2050,,,,,,,1.0,,,,,,,,,,,,,,,
207,1,DDP,,SEWERWWWT,HWT,,2051,,,,,,,1.0,,,,,,,,,,,,,,,
207,1,DDP,,SEWERWWWT,HWT,,2052,,,,,,,1.0,,,,,,,,,,,,,,,
207,1,DDP,,SEWERWWWT,HWT,,2053,,,,,,,1.0,,,,,,,,,,,,,,,
207,1,DDP,,SEWERWWWT,HWT,,2054,,,,,,,1.0,,,,,,,,,,,,,,,
207,1,DDP,,SEWERWWWT,HWT,,2055,,,,,,,1.0,,,,,,,,,,,,,,,
207,1,DDP,,SEWERWWWT,HWT,,2056,,,,,,,1.0,,,,,,,,,,,,,,,
207,1,DDP,,SEWERWWWT,HWT,,2057,,,,,,,1.0,,,,,,,,,,,,,,,
207,1,DDP,,SEWERWWWT,HWT,,2058,,,,,,,1.0,,,,,,,,,,,,,,,
207,1,DDP,,SEWERWWWT,HWT,,2059,,,,,,,1.0,,,,,,,,,,,,,,,
207,1,DDP,,SEWERWWWT,HWT,,2060,,,,,,,1.0,,,,,,,,,,,,,,,
207,1,DDP,,SEWERWWWT,HWT,,2061,,,,,,,1.0,,,,,,,,,,,,,,,
207,1,DDP,,SEWERWWWT,HWT,,2062,,,,,,,1.0,,,,,,,,,,,,,,,
207,1,DDP,,SEWERWWWT,HWT,,2063,,,,,,,1.0,,,,,,,,,,,,,,,
207,1,DDP,,SEWERWWWT,HWT,,2064,,,,,,,1.0,,,,,,,,,,,,,,,
207,1,DDP,,SEWERWWWT,HWT,,2065,,,,,,,1.0,,,,,,,,,,,,,,,
207,1,DDP,,SEWERWWWT,HWT,,2066,,,,,,,1.0,,,,,,,,,,,,,,,
207,1,DDP,,SEWERWWWT,HWT,,2067,,,,,,,1.0,,,,,,,,,,,,,,,
207,1,DDP,,SEWERWWWT,HWT,,2068,,,,,,,1.0,,,,,,,,,,,,,,,
207,1,DDP,,SEWERWWWT,HWT,,2069,,,,,,,1.0,,,,,,,,,,,,,,,
207,1,DDP,,SEWERWWWT,HWT,,2070,,,,,,,1.0,,,,,,,,,,,,,,,
207,1,DDP,,COMPOST,FERT_ORG,,2018,,,,,,,1.0,,,,,,,,,,,,,,,
207,1,DDP,,COMPOST,FERT_ORG,,2019,,,,,,,1.0,,,,,,,,,,,,,,,
207,1,DDP,,COMPOST,FERT_ORG,,2020,,,,,,,1.0,,,,,,,,,,,,,,,
207,1,DDP,,COMPOST,FERT_ORG,,2021,,,,,,,1.0,,,,,,,,,,,,,,,
207,1,DDP,,COMPOST,FERT_ORG,,2022,,,,,,,1.0,,,,,,,,,,,,,,,
207,1,DDP,,COMPOST,FERT_ORG,,2023,,,,,,,1.0,,,,,,,,,,,,,,,
207,1,DDP,,COMPOST,FERT_ORG,,2024,,,,,,,1.0,,,,,,,,,,,,,,,
207,1,DDP,,COMPOST,FERT_ORG,,2025,,,,,,,1.0,,,,,,,,,,,,,,,
207,1,DDP,,COMPOST,FERT_ORG,,2026,,,,,,,1.0,,,,,,,,,,,,,,,
207,1,DDP,,COMPOST,FERT_ORG,,2027,,,,,,,1.0,,,,,,,,,,,,,,,
207,1,DDP,,COMPOST,FERT_ORG,,2028,,,,,,,1.0,,,,,,,,,,,,,,,
207,1,DDP,,COMPOST,FERT_ORG,,2029,,,,,,,1.0,,,,,,,,,,,,,,,
207,1,DDP,,COMPOST,FERT_ORG,,2030,,,,,,,1.0,,,,,,,,,,,,,,,
207,1,DDP,,COMPOST,FERT_ORG,,2031,,,,,,,1.0,,,,,,,,,,,,,,,
207,1,DDP,,COMPOST,FERT_ORG,,2032,,,,,,,1.0,,,,,,,,,,,,,,,
207,1,DDP,,COMPOST,FERT_ORG,,2033,,,,,,,1.0,,,,,,,,,,,,,,,
207,1,DDP,,COMPOST,FERT_ORG,,2034,,,,,,,1.0,,,,,,,,,,,,,,,
207,1,DDP,,COMPOST,FERT_ORG,,2035,,,,,,,1.0,,,,,,,,,,,,,,,
207,1,DDP,,COMPOST,FERT_ORG,,2036,,,,,,,1.0,,,,,,,,,,,,,,,
207,1,DDP,,COMPOST,FERT_ORG,,2037,,,,,,,1.0,,,,,,,,,,,,,,,
207,1,DDP,,COMPOST,FERT_ORG,,2038,,,,,,,1.0,,,,,,,,,,,,,,,
207,1,DDP,,COMPOST,FERT_ORG,,2039,,,,,,,1.0,,,,,,,,,,,,,,,
207,1,DDP,,COMPOST,FERT_ORG,,2040,,,,,,,1.0,,,,,,,,,,,,,,,
207,1,DDP,,COMPOST,FERT_ORG,,2041,,,,,,,1.0,,,,,,,,,,,,,,,
207,1,DDP,,COMPOST,FERT_ORG,,2042,,,,,,,1.0,,,,,,,,,,,,,,,
207,1,DDP,,COMPOST,FERT_ORG,,2043,,,,,,,1.0,,,,,,,,,,,,,,,
207,1,DDP,,COMPOST,FERT_ORG,,2044,,,,,,,1.0,,,,,,,,,,,,,,,
207,1,DDP,,COMPOST,FERT_ORG,,2045,,,,,,,1.0,,,,,,,,,,,,,,,
207,1,DDP,,COMPOST,FERT_ORG,,2046,,,,,,,1.0,,,,,,,,,,,,,,,
207,1,DDP,,COMPOST,FERT_ORG,,2047,,,,,,,1.0,,,,,,,,,,,,,,,
207,1,DDP,,COMPOST,FERT_ORG,,2048,,,,,,,1.0,,,,,,,,,,,,,,,
207,1,DDP,,COMPOST,FERT_ORG,,2049,,,,,,,1.0,,,,,,,,,,,,,,,
207,1,DDP,,COMPOST,FERT_ORG,,2050,,,,,,,1.0,,,,,,,,,,,,,,,
207,1,DDP,,COMPOST,FERT_ORG,,2051,,,,,,,1.0,,,,,,,,,,,,,,,
207,1,DDP,,COMPOST,FERT_ORG,,2052,,,,,,,1.0,,,,,,,,,,,,,,,
207,1,DDP,,COMPOST,FERT_ORG,,2053,,,,,,,1.0,,,,,,,,,,,,,,,
207,1,DDP,,COMPOST,FERT_ORG,,2054,,,,,,,1.0,,,,,,,,,,,,,,,
207,1,DDP,,COMPOST,FERT_ORG,,2055,,,,,,,1.0,,,,,,,,,,,,,,,
207,1,DDP,,COMPOST,FERT_ORG,,2056,,,,,,,1.0,,,,,,,,,,,,,,,
207,1,DDP,,COMPOST,FERT_ORG,,2057,,,,,,,1.0,,,,,,,,,,,,,,,
207,1,DDP,,COMPOST,FERT_ORG,,2058,,,,,,,1.0,,,,,,,,,,,,,,,
207,1,DDP,,COMPOST,FERT_ORG,,2059,,,,,,,1.0,,,,,,,,,,,,,,,
207,1,DDP,,COMPOST,FERT_ORG,,2060,,,,,,,1.0,,,,,,,,,,,,,,,
207,1,DDP,,COMPOST,FERT_ORG,,2061,,,,,,,1.0,,,,,,,,,,,,,,,
207,1,DDP,,COMPOST,FERT_ORG,,2062,,,,,,,1.0,,,,,,,,,,,,,,,
207,1,DDP,,COMPOST,FERT_ORG,,2063,,,,,,,1.0,,,,,,,,,,,,,,,
207,1,DDP,,COMPOST,FERT_ORG,,2064,,,,,,,1.0,,,,,,,,,,,,,,,
207,1,DDP,,COMPOST,FERT_ORG,,2065,,,,,,,1.0,,,,,,,,,,,,,,,
207,1,DDP,,COMPOST,FERT_ORG,,2066,,,,,,,1.0,,,,,,,,,,,,,,,
207,1,DDP,,COMPOST,FERT_ORG,,2067,,,,,,,1.0,,,,,,,,,,,,,,,
207,1,DDP,,COMPOST,FERT_ORG,,2068,,,,,,,1.0,,,,,,,,,,,,,,,
207,1,DDP,,COMPOST,FERT_ORG,,2069,,,,,,,1.0,,,,,,,,,,,,,,,
207,1,DDP,,COMPOST,FERT_ORG,,2070,,,,,,,1.0,,,,,,,,,,,,,,,
207,1,DDP,,AD,FERT_ORG,,2018,,,,,,,1.0,,,,,,,,,,,,,,,
207,1,DDP,,AD,FERT_ORG,,2019,,,,,,,1.0,,,,,,,,,,,,,,,
207,1,DDP,,AD,FERT_ORG,,2020,,,,,,,1.0,,,,,,,,,,,,,,,
207,1,DDP,,AD,FERT_ORG,,2021,,,,,,,1.0,,,,,,,,,,,,,,,
207,1,DDP,,AD,FERT_ORG,,2022,,,,,,,1.0,,,,,,,,,,,,,,,
207,1,DDP,,AD,FERT_ORG,,2023,,,,,,,1.0,,,,,,,,,,,,,,,
207,1,DDP,,AD,FERT_ORG,,2024,,,,,,,1.0,,,,,,,,,,,,,,,
207,1,DDP,,AD,FERT_ORG,,2025,,,,,,,1.0,,,,,,,,,,,,,,,
207,1,DDP,,AD,FERT_ORG,,2026,,,,,,,1.0,,,,,,,,,,,,,,,
207,1,DDP,,AD,FERT_ORG,,2027,,,,,,,1.0,,,,,,,,,,,,,,,
207,1,DDP,,AD,FERT_ORG,,2028,,,,,,,1.0,,,,,,,,,,,,,,,
207,1,DDP,,AD,FERT_ORG,,2029,,,,,,,1.0,,,,,,,,,,,,,,,
207,1,DDP,,AD,FERT_ORG,,2030,,,,,,,1.0,,,,,,,,,,,,,,,
207,1,DDP,,AD,FERT_ORG,,2031,,,,,,,1.0,,,,,,,,,,,,,,,
207,1,DDP,,AD,FERT_ORG,,2032,,,,,,,1.0,,,,,,,,,,,,,,,
207,1,DDP,,AD,FERT_ORG,,2033,,,,,,,1.0,,,,,,,,,,,,,,,
207,1,DDP,,AD,FERT_ORG,,2034,,,,,,,1.0,,,,,,,,,,,,,,,
207,1,DDP,,AD,FERT_ORG,,2035,,,,,,,1.0,,,,,,,,,,,,,,,
207,1,DDP,,AD,FERT_ORG,,2036,,,,,,,1.0,,,,,,,,,,,,,,,
207,1,DDP,,AD,FERT_ORG,,2037,,,,,,,1.0,,,,,,,,,,,,,,,
207,1,DDP,,AD,FERT_ORG,,2038,,,,,,,1.0,,,,,,,,,,,,,,,
207,1,DDP,,AD,FERT_ORG,,2039,,,,,,,1.0,,,,,,,,,,,,,,,
207,1,DDP,,AD,FERT_ORG,,2040,,,,,,,1.0,,,,,,,,,,,,,,,
207,1,DDP,,AD,FERT_ORG,,2041,,,,,,,1.0,,,,,,,,,,,,,,,
207,1,DDP,,AD,FERT_ORG,,2042,,,,,,,1.0,,,,,,,,,,,,,,,
207,1,DDP,,AD,FERT_ORG,,2043,,,,,,,1.0,,,,,,,,,,,,,,,
207,1,DDP,,AD,FERT_ORG,,2044,,,,,,,1.0,,,,,,,,,,,,,,,
207,1,DDP,,AD,FERT_ORG,,2045,,,,,,,1.0,,,,,,,,,,,,,,,
207,1,DDP,,AD,FERT_ORG,,2046,,,,,,,1.0,,,,,,,,,,,,,,,
207,1,DDP,,AD,FERT_ORG,,2047,,,,,,,1.0,,,,,,,,,,,,,,,
207,1,DDP,,AD,FERT_ORG,,2048,,,,,,,1.0,,,,,,,,,,,,,,,
207,1,DDP,,AD,FERT_ORG,,2049,,,,,,,1.0,,,,,,,,,,,,,,,
207,1,DDP,,AD,FERT_ORG,,2050,,,,,,,1.0,,,,,,,,,,,,,,,
207,1,DDP,,AD,FERT_ORG,,2051,,,,,,,1.0,,,,,,,,,,,,,,,
207,1,DDP,,AD,FERT_ORG,,2052,,,,,,,1.0,,,,,,,,,,,,,,,
207,1,DDP,,AD,FERT_ORG,,2053,,,,,,,1.0,,,,,,,,,,,,,,,
207,1,DDP,,AD,FERT_ORG,,2054,,,,,,,1.0,,,,,,,,,,,,,,,
207,1,DDP,,AD,FERT_ORG,,2055,,,,,,,1.0,,,,,,,,,,,,,,,
207,1,DDP,,AD,FERT_ORG,,2056,,,,,,,1.0,,,,,,,,,,,,,,,
207,1,DDP,,AD,FERT_ORG,,2057,,,,,,,1.0,,,,,,,,,,,,,,,
207,1,DDP,,AD,FERT_ORG,,2058,,,,,,,1.0,,,,,,,,,,,,,,,
207,1,DDP,,AD,FERT_ORG,,2059,,,,,,,1.0,,,,,,,,,,,,,,,
207,1,DDP,,AD,FERT_ORG,,2060,,,,,,,1.0,,,,,,,,,,,,,,,
207,1,DDP,,AD,FERT_ORG,,2061,,,,,,,1.0,,,,,,,,,,,,,,,
207,1,DDP,,AD,FERT_ORG,,2062,,,,,,,1.0,,,,,,,,,,,,,,,
207,1,DDP,,AD,FERT_ORG,,2063,,,,,,,1.0,,,,,,,,,,,,,,,
207,1,DDP,,AD,FERT_ORG,,2064,,,,,,,1.0,,,,,,,,,,,,,,,
207,1,DDP,,AD,FERT_ORG,,2065,,,,,,,1.0,,,,,,,,,,,,,,,
207,1,DDP,,AD,FERT_ORG,,2066,,,,,,,1.0,,,,,,,,,,,,,,,
207,1,DDP,,AD,FERT_ORG,,2067,,,,,,,1.0,,,,,,,,,,,,,,,
207,1,DDP,,AD,FERT_ORG,,2068,,,,,,,1.0,,,,,,,,,,,,,,,
207,1,DDP,,AD,FERT_ORG,,2069,,,,,,,1.0,,,,,,,,,,,,,,,
207,1,DDP,,AD,FERT_ORG,,2070,,,,,,,1.0,,,,,,,,,,,,,,,
